100|14|"ARESTI Simone"|"CAGLIARI"|1|0|0|0.0|0|0|0.0|0|0|0|0|0|0|0|0|0|0|0|0|0|0|0|0|1
101|14|"AUDERO Emil"|"SAMPDORIA"|1|0|1|3.5|0|1|6.0|0|2|0|0|0|1|0|0|0|0|0|0|0|0|0|0|14
102|14|"BARDI Francesco"|"FROSINONE"|1|0|0|0.0|0|0|0.0|0|0|0|0|0|0|0|0|0|0|0|0|0|0|0|0|1
103|14|"BELEC Vid"|"SAMPDORIA"|1|0|0|0.0|0|0|0.0|0|0|0|0|0|0|0|0|0|0|0|0|0|0|0|0|1
104|14|"BERISHA Etrit"|"ATALANTA"|1|0|1|5.0|0|1|6.0|0|1|0|0|0|0|0|0|0|0|0|0|0|0|0|0|15
105|14|"BERNI Tommaso"|"INTER"|1|0|0|0.0|0|0|0.0|0|0|0|0|0|0|0|0|0|0|0|0|0|0|0|0|1
106|14|"CONSIGLI Andrea"|"SASSUOLO"|1|0|1|2.5|0|1|5.5|0|3|0|0|0|0|0|0|0|0|0|0|0|0|0|0|14
107|14|"CONTINI Nikita"|"NAPOLI"|0|0|0|0.0|0|0|0.0|0|0|0|0|0|0|0|0|0|0|0|0|0|0|0|0|1
108|14|"CRAGNO Alessio"|"CAGLIARI"|1|0|1|4.5|0|1|6.5|0|2|0|0|0|0|0|0|0|0|0|0|0|0|0|0|18
109|14|"DA COSTA Angelo"|"BOLOGNA"|1|0|0|0.0|0|0|0.0|0|0|0|0|0|0|0|0|0|0|0|0|0|0|0|0|1
110|14|"DAGA Riccardo"|"CAGLIARI"|1|0|0|0.0|0|0|0.0|0|0|0|0|0|0|0|0|0|0|0|0|0|0|0|0|1
111|14|"DINI Andrea"|"PARMA"|0|0|0|0.0|0|0|0.0|0|0|0|0|0|0|0|0|0|0|0|0|0|0|0|0|1
112|14|"DONNARUMMA Gianluigi"|"MILAN"|1|0|1|8.0|0|1|8.0|0|0|0|0|0|0|0|0|0|0|0|0|0|0|0|0|16
113|14|"DONNARUMMA Antonio"|"MILAN"|1|0|0|0.0|0|0|0.0|0|0|0|0|0|0|0|0|0|0|0|0|0|0|0|0|1
114|14|"DRAGOWSKI Bartlomiej"|"FIORENTINA"|1|0|0|0.0|0|0|0.0|0|0|0|0|0|0|0|0|0|0|0|0|0|0|0|0|3
115|14|"FALCONE Wladimiro"|"SAMPDORIA"|0|0|0|0.0|0|0|0.0|0|0|0|0|0|0|0|0|0|0|0|0|0|0|0|0|1
116|14|"FRATTALI Pierluigi"|"PARMA"|1|0|0|0.0|0|0|0.0|0|0|0|0|0|0|0|0|0|0|0|0|0|0|0|0|1
117|14|"FUZATO Daniel"|"ROMA"|1|0|0|0.0|0|0|0.0|0|0|0|0|0|0|0|0|0|0|0|0|0|0|0|0|1
118|14|"GASPARINI Manuel"|"UDINESE"|1|0|0|0.0|0|0|0.0|0|0|0|0|0|0|0|0|0|0|0|0|0|0|0|0|1
119|14|"GIACOMEL Alessandro"|"EMPOLI"|0|0|0|0.0|0|0|0.0|0|0|0|0|0|0|0|0|0|0|0|0|0|0|0|0|1
120|14|"GOLLINI Pierluigi"|"ATALANTA"|1|0|0|0.0|0|0|0.0|0|0|0|0|0|0|0|0|0|0|0|0|0|0|0|0|5
121|14|"GOMIS Alfred"|"SPAL"|1|0|1|5.0|0|1|6.0|0|1|0|0|0|0|0|0|0|0|0|0|0|0|0|0|9
122|14|"GUERRIERI Guido"|"LAZIO"|1|0|0|0.0|0|0|0.0|0|0|0|0|0|0|0|0|0|0|0|0|0|0|0|0|1
123|14|"HANDANOVIC Samir"|"INTER"|1|0|1|4.5|0|1|5.5|0|1|0|0|0|0|0|0|0|0|0|0|0|0|0|0|20
124|14|"ICHAZO Salvador"|"TORINO"|1|0|0|0.0|0|0|0.0|0|0|0|0|0|0|0|0|0|0|0|0|0|0|0|0|1
125|14|"KARNEZIS Orestis"|"NAPOLI"|1|0|0|0.0|0|0|0.0|0|0|0|0|0|0|0|0|0|0|0|0|0|0|0|0|10
126|14|"LAFONT Alban"|"FIORENTINA"|1|0|1|2.0|0|1|5.0|0|3|0|0|0|0|0|0|0|0|0|0|0|0|0|0|13
127|14|"MARCHETTI Federico"|"GENOA"|1|0|0|0.0|0|0|0.0|0|0|0|0|0|0|0|0|0|0|0|0|0|0|0|0|8
128|14|"MERET Alex"|"NAPOLI"|1|0|1|6.0|0|1|6.0|0|0|0|0|0|0|0|0|0|0|0|0|0|0|0|0|9
129|14|"MILINKOVIC Vanja"|"SPAL"|1|0|0|0.0|0|0|0.0|0|0|0|0|0|0|0|0|0|0|0|0|0|0|0|0|6
130|14|"MIRANTE Antonio"|"ROMA"|1|0|0|0.0|0|0|0.0|0|0|0|0|0|0|0|0|0|0|0|0|0|0|0|0|2
131|14|"MUSSO Juan"|"UDINESE"|1|0|1|2.5|0|1|5.5|0|3|0|0|0|0|0|0|0|0|0|0|0|0|0|0|9
132|14|"PADELLI Daniele"|"INTER"|1|0|0|0.0|0|0|0.0|0|0|0|0|0|0|0|0|0|0|0|0|0|0|0|0|1
133|14|"PAVONI Filippo"|"CHIEVO"|0|0|0|0.0|0|0|0.0|0|0|0|0|0|0|0|0|0|0|0|0|0|0|0|0|1
134|14|"PEGOLO Gianluca"|"SASSUOLO"|1|0|0|0.0|0|0|0.0|0|0|0|0|0|0|0|0|0|0|0|0|0|0|0|0|1
135|14|"PERIN Mattia"|"JUVENTUS"|1|0|0|0.0|0|0|0.0|0|0|0|0|0|0|0|0|0|0|0|0|0|0|0|0|5
136|14|"PINSOGLIO Carlo"|"JUVENTUS"|1|0|0|0.0|0|0|0.0|0|0|0|0|0|0|0|0|0|0|0|0|0|0|0|0|1
137|14|"PLIZZARI Alessandro"|"MILAN"|1|0|0|0.0|0|0|0.0|0|0|0|0|0|0|0|0|0|0|0|0|0|0|0|0|1
138|14|"POLUZZI Giacomo"|"SPAL"|1|0|0|0.0|0|0|0.0|0|0|0|0|0|0|0|0|0|0|0|0|0|0|0|0|1
139|14|"PROTO Silvio"|"LAZIO"|1|0|0|0.0|0|0|0.0|0|0|0|0|0|0|0|0|0|0|0|0|0|0|0|0|1
140|14|"PROVEDEL Ivan"|"EMPOLI"|1|0|1|5.0|0|1|6.0|0|1|0|0|0|0|0|0|0|0|0|0|0|0|0|0|7
141|14|"RADU Ionut"|"GENOA"|1|0|1|5.5|0|1|6.5|0|1|0|0|0|0|0|0|0|0|0|0|0|0|0|0|5
142|14|"RADUNOVIC Boris"|"ATALANTA"|0|0|0|0.0|0|0|0.0|0|0|0|0|0|0|0|0|0|0|0|0|0|0|0|0|1
143|14|"RAFAEL De Andrade Bittencourt"|"CAGLIARI"|1|0|0|0.0|0|0|0.0|0|0|0|0|0|0|0|0|0|0|0|0|0|0|0|0|1
144|14|"REINA Pepe"|"MILAN"|1|0|0|0.0|0|0|0.0|0|0|0|0|0|0|0|0|0|0|0|0|0|0|0|0|3
145|14|"ROSATI Antonio"|"TORINO"|1|0|0|0.0|0|0|0.0|0|0|0|0|0|0|0|0|0|0|0|0|0|0|0|0|1
146|14|"ROSSI Francesco"|"ATALANTA"|1|0|0|0.0|0|0|0.0|0|0|0|0|0|0|0|0|0|0|0|0|0|0|0|0|1
147|14|"SANTURRO Antonio"|"BOLOGNA"|1|0|0|0.0|0|0|0.0|0|0|0|0|0|0|0|0|0|0|0|0|0|0|0|0|1
148|14|"SATALINO Giacomo"|"SASSUOLO"|1|0|0|0.0|0|0|0.0|0|0|0|0|0|0|0|0|0|0|0|0|0|0|0|0|1
149|14|"SCUFFET Simone"|"UDINESE"|1|0|0|0.0|0|0|0.0|0|0|0|0|0|0|0|0|0|0|0|0|0|0|0|0|6
150|14|"SECULIN Andrea"|"CHIEVO"|1|0|0|0.0|0|0|0.0|0|0|0|0|0|0|0|0|0|0|0|0|0|0|0|0|2
151|14|"SEPE Luigi"|"PARMA"|1|0|1|4.5|0|1|5.5|0|1|0|0|0|0|0|0|0|0|0|0|0|0|0|0|14
152|14|"SIRIGU Salvatore"|"TORINO"|1|0|1|6.5|0|1|6.5|0|0|0|0|0|0|0|0|0|0|0|0|0|0|0|0|19
153|14|"SKORUPSKI Lukasz"|"BOLOGNA"|1|0|1|3.5|0|1|5.5|0|2|0|0|0|0|0|0|0|0|0|0|0|0|0|0|13
154|14|"SORRENTINO Stefano"|"CHIEVO"|1|0|1|5.5|0|1|6.5|0|1|0|0|0|0|0|0|0|0|0|0|0|0|0|0|14
155|14|"SPORTIELLO Marco"|"FROSINONE"|1|0|1|2.0|0|1|6.0|0|4|0|0|0|0|0|0|0|0|0|0|0|0|0|0|10
156|14|"STRAKOSHA Thomas"|"LAZIO"|1|0|1|3.5|0|1|5.5|0|2|0|0|0|0|0|0|0|0|0|0|0|0|0|0|15
157|14|"SZCZESNY Wojciech"|"JUVENTUS"|1|0|1|6.0|0|1|6.0|0|0|0|0|0|0|0|0|0|0|0|0|0|0|0|0|23
158|14|"TERRACCIANO Pietro"|"EMPOLI"|1|0|0|0.0|0|0|0.0|0|0|0|0|0|0|0|0|0|0|0|0|0|0|0|0|7
159|14|"TOZZO Andrea"|"SAMPDORIA"|0|0|0|0.0|0|0|0.0|0|0|0|0|0|0|0|0|0|0|0|0|0|0|0|0|1
160|14|"VIGORITO Mauro"|"FROSINONE"|0|0|0|0.0|0|0|0.0|0|0|0|0|0|0|0|0|0|0|0|0|0|0|0|0|1
161|14|"VODISEK Rok"|"GENOA"|1|0|0|0.0|0|0|0.0|0|0|0|0|0|0|0|0|0|0|0|0|0|0|0|0|1
162|14|"ZACCAGNO Andrea"|"TORINO"|0|0|0|0.0|0|0|0.0|0|0|0|0|0|0|0|0|0|0|0|0|0|0|0|0|1
163|14|"RAFAEL Cabral"|"SAMPDORIA"|1|0|0|0.0|0|0|0.0|0|0|0|0|0|0|0|0|0|0|0|0|0|0|0|0|1
164|14|"OLSEN Robin"|"ROMA"|1|0|1|4.5|0|1|6.5|0|2|0|0|0|0|0|0|0|0|0|0|0|0|0|0|16
165|14|"FULIGNATI Andrea"|"EMPOLI"|1|0|0|0.0|0|0|0.0|0|0|0|0|0|0|0|0|0|0|0|0|0|0|0|0|1
166|14|"NICOLAS Andrade"|"UDINESE"|1|0|0|0.0|0|0|0.0|0|0|0|0|0|0|0|0|0|0|0|0|0|0|0|0|1
167|14|"IACOBUCCI Alessandro"|"FROSINONE"|1|0|0|0.0|0|0|0.0|0|0|0|0|0|0|0|0|0|0|0|0|0|0|0|0|1
168|14|"SEMPER Adrian"|"CHIEVO"|1|0|0|0.0|0|0|0.0|0|0|0|0|0|0|0|0|0|0|0|0|0|0|0|0|1
169|14|"BAGHERIA Fabrizio"|"PARMA"|1|0|0|0.0|0|0|0.0|0|0|0|0|0|0|0|0|0|0|0|0|0|0|0|0|1
170|14|"OSPINA David"|"NAPOLI"|1|0|0|0.0|0|0|0.0|0|0|0|0|0|0|0|0|0|0|0|0|0|0|0|0|7
171|14|"GHIDOTTI Simone"|"FIORENTINA"|1|0|0|0.0|0|0|0.0|0|0|0|0|0|0|0|0|0|0|0|0|0|0|0|0|1
200|14|"ABATE Ignazio"|"MILAN"|1|1|1|6.0|0|1|6.5|0|0|0|0|0|1|0|0|0|0|0|0|0|0|0|0|6
201|14|"ACERBI Francesco"|"LAZIO"|1|1|1|10.5|0|1|6.0|1|0|0|0|0|0|0|0|0|0|0|0|0|0|0|0|18
202|14|"ADJAPONG Claud"|"SASSUOLO"|1|1|0|0.0|0|0|0.0|0|0|0|0|0|0|0|0|0|0|0|0|0|0|0|0|7
203|14|"ADNAN Ali Kadhim"|"ATALANTA"|1|1|0|0.0|0|0|0.0|0|0|0|0|0|0|0|0|0|0|0|0|0|0|0|0|4
204|14|"ALBIOL Raúl"|"NAPOLI"|1|1|0|0.0|0|0|0.0|0|0|0|0|0|0|0|0|0|0|0|0|0|0|0|0|13
205|14|"ALEX SANDRO Lobo Silva"|"JUVENTUS"|1|1|0|0.0|0|0|0.0|0|0|0|0|0|0|0|0|0|0|0|0|0|0|0|0|20
206|14|"ALVES Bruno"|"PARMA"|1|1|1|11.5|0|1|7.0|1|0|0|0|0|0|0|0|0|0|0|0|0|0|0|0|14
207|14|"ANDERSEN Joachim"|"SAMPDORIA"|1|1|1|5.0|0|1|5.5|0|0|0|0|0|1|0|0|0|0|0|0|0|0|0|0|8
208|14|"ANDREOLLI Marco"|"CAGLIARI"|1|1|0|0.0|0|0|0.0|0|0|0|0|0|0|0|0|0|0|0|0|0|0|0|0|4
209|14|"ANGELLA Gabriele"|"UDINESE"|0|1|0|0.0|0|0|0.0|0|0|0|0|0|0|0|0|0|0|0|0|0|0|0|0|3
210|14|"ANSALDI Cristian"|"TORINO"|1|1|1|6.5|0|1|6.5|0|0|0|0|0|0|0|0|0|0|0|0|0|0|0|0|10
211|14|"ANTONELLI Luca"|"EMPOLI"|1|1|0|0.0|0|0|0.0|0|0|0|0|0|0|0|0|0|0|0|0|0|0|0|0|6
212|14|"ARIAUDO Lorenzo"|"FROSINONE"|1|1|1|5.0|0|1|5.0|0|0|0|0|0|0|0|0|0|0|0|0|0|0|0|0|5
213|14|"ASAMOAH Kwadwo"|"INTER"|1|1|1|5.0|0|1|5.0|0|0|0|0|0|0|0|0|0|0|0|0|0|0|0|0|8
214|14|"BANI Mattia"|"CHIEVO"|1|1|1|6.5|0|1|6.5|0|0|0|0|0|0|0|0|0|0|0|0|0|0|0|0|6
215|14|"BARZAGLI Andrea"|"JUVENTUS"|1|1|0|0.0|0|0|0.0|0|0|0|0|0|0|0|0|0|0|0|0|0|0|0|0|5
216|14|"BASTA Dusan"|"LAZIO"|1|1|0|0.0|0|0|0.0|0|0|0|0|0|0|0|0|0|0|0|0|0|0|0|0|4
217|14|"BASTONI Alessandro"|"PARMA"|1|1|1|6.0|0|1|6.0|0|0|0|0|0|0|0|0|0|0|0|0|0|0|0|0|5
218|14|"BASTOS Jacinto Quissanga"|"LAZIO"|1|1|0|0.0|0|0|0.0|0|0|0|0|0|0|0|0|0|0|0|0|0|0|0|0|8
219|14|"BENATIA Medhi"|"JUVENTUS"|1|1|0|0.0|0|0|0.0|0|0|0|0|0|0|0|0|0|0|0|0|0|0|0|0|12
220|14|"BERESZYNSKI Bartosz"|"SAMPDORIA"|1|1|1|4.0|0|1|5.0|0|0|0|0|0|0|1|0|0|0|0|0|0|0|0|0|7
221|14|"BETTELLA Davide"|"ATALANTA"|1|1|0|0.0|0|0|0.0|0|0|0|0|0|0|0|0|0|0|0|0|0|0|0|0|1
222|14|"BIANDA William"|"ROMA"|1|1|0|0.0|0|0|0.0|0|0|0|0|0|0|0|0|0|0|0|0|0|0|0|0|2
223|14|"BIRAGHI Cristiano"|"FIORENTINA"|1|1|1|5.5|0|1|5.5|0|0|0|0|0|0|0|0|0|0|0|0|0|0|0|0|12
224|14|"BIRASCHI Davide"|"GENOA"|1|1|1|6.5|0|1|6.5|0|0|0|0|0|0|0|0|0|0|0|0|0|0|0|0|7
225|14|"BONIFAZI Kevin"|"SPAL"|1|1|1|5.5|0|1|6.0|0|0|0|0|0|1|0|0|0|0|0|0|0|0|0|0|7
226|14|"BONUCCI Leonardo"|"JUVENTUS"|1|1|1|6.5|0|1|6.5|0|0|0|0|0|0|0|0|0|0|0|0|0|0|0|0|17
227|14|"BREMER Gleison Silva Nascimento"|"TORINO"|1|1|0|0.0|0|0|0.0|0|0|0|0|0|0|0|0|0|0|0|0|0|0|0|0|4
228|14|"BRIGHENTI Nicolò"|"FROSINONE"|1|1|0|0.0|0|0|0.0|0|0|0|0|0|0|0|0|0|0|0|0|0|0|0|0|3
229|14|"BRIGNANI Fabrizio"|"BOLOGNA"|0|1|0|0.0|0|0|0.0|0|0|0|0|0|0|0|0|0|0|0|0|0|0|0|0|1
230|14|"CACCIATORE Fabrizio"|"CHIEVO"|1|1|1|6.0|0|1|6.0|0|0|0|0|0|0|0|0|0|0|0|0|0|0|0|0|7
231|14|"CACERES Martín"|"LAZIO"|1|1|0|0.0|0|0|0.0|0|0|0|0|0|0|0|0|0|0|0|0|0|0|0|0|9
232|14|"CALABRESI Arturo"|"BOLOGNA"|1|1|0|0.0|0|0|0.0|0|0|0|0|0|0|0|0|0|0|0|0|0|0|0|0|6
233|14|"CALABRIA Davide"|"MILAN"|1|1|1|6.0|0|1|6.0|0|0|0|0|0|0|0|0|0|0|0|0|0|0|0|0|10
234|14|"CALDARA Mattia"|"MILAN"|1|1|0|0.0|0|0|0.0|0|0|0|0|0|0|0|0|0|0|0|0|0|0|0|0|13
235|14|"CANCELO Joao"|"JUVENTUS"|1|1|1|8.0|0|1|7.0|0|0|0|0|1|0|0|0|0|0|0|0|0|0|0|0|19
236|14|"CAPUANO Marco"|"FROSINONE"|1|1|1|5.0|0|1|5.0|0|0|0|0|0|0|0|0|0|0|0|0|0|0|0|0|5
237|14|"CASTAGNE Timothy"|"ATALANTA"|1|1|0|0.0|0|0|0.0|0|0|0|0|0|0|0|0|0|0|0|0|0|0|0|0|9
238|14|"CECCHERINI Federico"|"FIORENTINA"|1|1|0|0.0|0|0|0.0|0|0|0|0|0|0|0|0|0|0|0|0|0|0|0|0|5
239|14|"CEPPITELLI Luca"|"CAGLIARI"|1|1|1|5.0|0|1|6.0|0|0|0|0|0|0|1|0|0|0|0|0|0|0|0|0|8
240|14|"CESAR Bostjan"|"CHIEVO"|1|1|1|6.0|0|1|6.0|0|0|0|0|0|0|0|0|0|0|0|0|0|0|0|0|3
241|14|"CHIELLINI Giorgio"|"JUVENTUS"|1|1|1|7.0|0|1|7.0|0|0|0|0|0|0|0|0|0|0|0|0|0|0|0|0|19
242|14|"CHIRICHES Vlad"|"NAPOLI"|1|1|0|0.0|0|0|0.0|0|0|0|0|0|0|0|0|0|0|0|0|0|0|0|0|4
243|14|"CIOFANI Matteo"|"FROSINONE"|0|1|0|0.0|0|0|0.0|0|0|0|0|0|0|0|0|0|0|0|0|0|0|0|0|5
244|14|"CIONEK Thiago"|"SPAL"|1|1|0|0.0|0|0|0.0|0|0|0|0|0|0|0|0|0|0|0|0|0|0|0|0|6
245|14|"COLLEY Omar"|"SAMPDORIA"|1|1|1|5.0|0|1|5.0|0|0|0|0|0|0|0|0|0|0|0|0|0|0|0|0|7
246|14|"CONTI Andrea"|"MILAN"|1|1|0|0.0|0|0|0.0|0|0|0|0|0|0|0|0|0|0|0|0|0|0|0|0|10
247|14|"COSTA Filippo"|"SPAL"|1|1|0|0.0|0|0|0.0|0|0|0|0|0|0|0|0|0|0|0|0|0|0|0|0|6
248|14|"CREMONESI Michele"|"SPAL"|0|1|0|0.0|0|0|0.0|0|0|0|0|0|0|0|0|0|0|0|0|0|0|0|0|3
249|14|"CRISCITO Domenico"|"GENOA"|1|1|1|4.0|0|1|5.0|0|0|0|0|0|0|1|0|0|0|0|0|0|0|0|0|12
250|14|"D'AMBROSIO Danilo"|"INTER"|1|1|0|0.0|0|0|0.0|0|0|0|0|0|0|0|0|0|0|0|0|0|0|0|0|12
251|14|"DALBERT Henrique"|"INTER"|1|1|0|0.0|0|0|0.0|0|0|0|0|0|0|0|0|0|0|0|0|0|0|0|0|6
252|14|"DANILO Larangeira"|"BOLOGNA"|1|1|1|4.5|0|1|4.5|0|0|0|0|0|0|0|0|0|0|0|0|0|0|0|0|7
253|14|"DE MAIO Sebastian"|"BOLOGNA"|1|1|0|0.0|0|0|0.0|0|0|0|0|0|0|0|0|0|0|0|0|0|0|0|0|6
254|14|"DE SCIGLIO Mattia"|"JUVENTUS"|1|1|1|6.0|0|1|6.0|0|0|0|0|0|0|0|0|0|0|0|0|0|0|0|0|8
255|14|"DE SILVESTRI Lorenzo"|"TORINO"|1|1|0|0.0|0|0|0.0|0|0|0|0|0|0|0|0|0|0|0|0|0|0|0|0|15
256|14|"DE VRIJ Stefan"|"INTER"|1|1|0|0.0|0|0|0.0|0|0|0|0|0|0|0|0|0|0|0|0|0|0|0|0|22
257|14|"DELL'ORCO Christian"|"SASSUOLO"|1|1|0|0.0|0|0|0.0|0|0|0|0|0|0|0|0|0|0|0|0|0|0|0|0|4
258|14|"DI CESARE Valerio"|"PARMA"|0|1|0|0.0|0|0|0.0|0|0|0|0|0|0|0|0|0|0|0|0|0|0|0|0|5
259|14|"DI LORENZO Giovanni"|"EMPOLI"|1|1|1|6.0|0|1|6.0|0|0|0|0|0|0|0|0|0|0|0|0|0|0|0|0|8
260|14|"DICKMANN Lorenzo"|"SPAL"|1|1|0|0.0|0|0|0.0|0|0|0|0|0|0|0|0|0|0|0|0|0|0|0|0|4
261|14|"DIJKS Mitchell"|"BOLOGNA"|1|1|0|0.0|0|0|0.0|0|0|0|0|0|0|0|0|0|0|0|0|0|0|0|0|5
262|14|"DIKS Kevin"|"FIORENTINA"|1|1|0|0.0|0|0|0.0|0|0|0|0|0|0|0|0|0|0|0|0|0|0|0|0|4
263|14|"DIMARCO Federico"|"PARMA"|1|1|0|0.0|0|0|0.0|0|0|0|0|0|0|0|0|0|0|0|0|0|0|0|0|6
264|14|"DURMISI Riza"|"LAZIO"|1|1|0|0.0|0|0|0.0|0|0|0|0|0|0|0|0|0|0|0|0|0|0|0|0|5
265|14|"EL YAMIQ Jawad"|"GENOA"|0|1|0|0.0|0|0|0.0|0|0|0|0|0|0|0|0|0|0|0|0|0|0|0|0|4
266|14|"FARAGÒ Paolo"|"CAGLIARI"|1|1|1|5.5|0|1|6.0|0|0|0|0|0|1|0|0|0|0|0|0|0|0|0|0|7
267|14|"FAZIO Federico"|"ROMA"|1|1|1|5.5|0|1|5.5|0|0|0|0|0|0|0|0|0|0|0|0|0|0|0|0|15
268|14|"FELIPE Dal Belo"|"SPAL"|1|1|1|7.0|0|1|6.0|0|0|0|0|1|0|0|0|0|0|0|0|0|0|0|0|6
269|14|"FERRARI Gianmarco"|"SASSUOLO"|1|1|1|5.0|0|1|5.0|0|0|0|0|0|0|0|0|0|0|0|0|0|0|0|0|16
270|14|"FERRARI Alex"|"SAMPDORIA"|1|1|0|0.0|0|0|0.0|0|0|0|0|0|0|0|0|0|0|0|0|0|0|0|0|4
271|14|"FLORENZI Alessandro"|"ROMA"|1|1|1|6.0|0|1|6.0|0|0|0|0|0|0|0|0|0|0|0|0|0|0|0|0|19
272|14|"GAGLIOLO Riccardo"|"PARMA"|1|1|1|5.5|0|1|6.0|0|0|0|0|0|1|0|0|0|0|0|0|0|0|0|0|8
273|14|"GAZZOLA Marcello"|"PARMA"|1|1|1|6.0|0|1|6.0|0|0|0|0|0|0|0|0|0|0|0|0|0|0|0|0|4
274|14|"GHIGLIONE Paolo"|"FROSINONE"|1|1|1|5.5|0|1|5.5|0|0|0|0|0|0|0|0|0|0|0|0|0|0|0|0|1
275|14|"GHOULAM Faouzi"|"NAPOLI"|1|1|1|9.0|0|1|7.0|0|0|0|0|2|0|0|0|0|0|0|0|0|0|0|0|10
276|14|"GOBBI Massimo"|"PARMA"|1|1|0|0.0|0|0|0.0|0|0|0|0|0|0|0|0|0|0|0|0|0|0|0|0|5
277|14|"GOLDANIGA Edoardo"|"FROSINONE"|1|1|1|5.5|0|1|5.5|0|0|0|0|0|0|0|0|0|0|0|0|0|0|0|0|6
278|14|"GOMEZ Gustavo"|"MILAN"|0|1|0|0.0|0|0|0.0|0|0|0|0|0|0|0|0|0|0|0|0|0|0|0|0|3
279|14|"GONZALEZ Giancarlo"|"BOLOGNA"|1|1|1|4.5|0|1|4.5|0|0|0|0|0|0|0|0|0|0|0|0|0|0|0|0|5
280|14|"GOSENS Robin"|"ATALANTA"|1|1|1|6.0|0|1|6.0|0|0|0|0|0|0|0|0|0|0|0|0|0|0|0|0|10
281|14|"GUNTER Koray"|"GENOA"|1|1|1|6.0|0|1|6.0|0|0|0|0|0|0|0|0|0|0|0|0|0|0|0|0|4
282|14|"HANCKO David"|"FIORENTINA"|1|1|0|0.0|0|0|0.0|0|0|0|0|0|0|0|0|0|0|0|0|0|0|0|0|4
283|14|"HATEBOER Hans"|"ATALANTA"|1|1|1|8.0|0|1|7.0|0|0|0|0|1|0|0|0|0|0|0|0|0|0|0|0|15
284|14|"HELANDER Filip Viktor"|"BOLOGNA"|1|1|1|5.5|0|1|5.5|0|0|0|0|0|0|0|0|0|0|0|0|0|0|0|0|4
285|14|"HEURTAUX Thomas"|"UDINESE"|0|1|0|0.0|0|0|0.0|0|0|0|0|0|0|0|0|0|0|0|0|0|0|0|0|4
286|14|"HRISTOV Petko"|"FIORENTINA"|0|1|0|0.0|0|0|0.0|0|0|0|0|0|0|0|0|0|0|0|0|0|0|0|0|2
287|14|"HYSAJ Elseid"|"NAPOLI"|1|1|1|6.0|0|1|6.0|0|0|0|0|0|0|0|0|0|0|0|0|0|0|0|0|10
288|14|"IACOPONI Simone"|"PARMA"|1|1|1|6.0|0|1|6.0|0|0|0|0|0|0|0|0|0|0|0|0|0|0|0|0|6
289|14|"IMPERIALE Marco"|"EMPOLI"|0|1|0|0.0|0|0|0.0|0|0|0|0|0|0|0|0|0|0|0|0|0|0|0|0|1
290|14|"IZZO Armando"|"TORINO"|1|1|1|6.5|0|1|7.0|0|0|0|0|0|1|0|0|0|0|0|0|0|0|0|0|13
291|14|"JAROSZYNSKI Pawel"|"CHIEVO"|1|1|0|0.0|0|0|0.0|0|0|0|0|0|0|0|0|0|0|0|0|0|0|0|0|4
292|14|"JUAN JESUS Guilherme Nunes"|"ROMA"|1|1|0|0.0|0|0|0.0|0|0|0|0|0|0|0|0|0|0|0|0|0|0|0|0|8
293|14|"KARSDORP Rick"|"ROMA"|1|1|0|0.0|0|0|0.0|0|0|0|0|0|0|0|0|0|0|0|0|0|0|0|0|4
294|14|"KOLAROV Aleksandar"|"ROMA"|1|1|1|11.0|0|1|6.5|1|0|0|0|0|0|0|0|0|0|0|0|0|0|0|0|27
295|14|"KONATE Pa"|"SPAL"|0|1|0|0.0|0|0|0.0|0|0|0|0|0|0|0|0|0|0|0|0|0|0|0|0|4
296|14|"KOULIBALY Kalidou"|"NAPOLI"|1|1|1|6.5|0|1|6.5|0|0|0|0|0|0|0|0|0|0|0|0|0|0|0|0|19
297|14|"KRAFTH Emil"|"BOLOGNA"|0|1|0|0.0|0|0|0.0|0|0|0|0|0|0|0|0|0|0|0|0|0|0|0|0|4
298|14|"KRAJNC Luka"|"FROSINONE"|1|1|0|0.0|0|0|0.0|0|0|0|0|0|0|0|0|0|0|0|0|0|0|0|0|3
299|14|"LAKICEVIC Ivan"|"GENOA"|1|1|0|0.0|0|0|0.0|0|0|0|0|0|0|0|0|0|0|0|0|0|0|0|0|4
300|14|"LARSEN Jens Stryger"|"UDINESE"|1|1|1|4.5|0|1|5.0|0|0|0|0|0|1|0|0|0|0|0|0|0|0|0|0|8
301|14|"LAURINI Vincent"|"FIORENTINA"|1|1|1|6.0|0|1|6.0|0|0|0|0|0|0|0|0|0|0|0|0|0|0|0|0|4
302|14|"LEMOS Mauricio"|"SASSUOLO"|1|1|0|0.0|0|0|0.0|0|0|0|0|0|0|0|0|0|0|0|0|0|0|0|0|6
303|14|"LETSCHERT Timo"|"SASSUOLO"|0|1|0|0.0|0|0|0.0|0|0|0|0|0|0|0|0|0|0|0|0|0|0|0|0|3
304|14|"LEVERBE Maxime"|"SAMPDORIA"|1|1|0|0.0|0|0|0.0|0|0|0|0|0|0|0|0|0|0|0|0|0|0|0|0|1
305|14|"LIROLA Pol"|"SASSUOLO"|1|1|1|6.0|0|1|6.0|0|0|0|0|0|0|0|0|0|0|0|0|0|0|0|0|11
306|14|"LUIZ FELIPE Ramos Marchi"|"LAZIO"|1|1|0|0.0|0|0|0.0|0|0|0|0|0|0|0|0|0|0|0|0|0|0|0|0|5
307|14|"LUPERTO Sebastiano"|"NAPOLI"|1|1|1|6.0|0|1|6.0|0|0|0|0|0|0|0|0|0|0|0|0|0|0|0|0|4
308|14|"LYANCO Silveira Neves Vojnovic"|"TORINO"|1|1|0|0.0|0|0|0.0|0|0|0|0|0|0|0|0|0|0|0|0|0|0|0|0|4
309|14|"LYKOGIANNIS Charalampos"|"CAGLIARI"|1|1|0|0.0|0|0|0.0|0|0|0|0|0|0|0|0|0|0|0|0|0|0|0|0|6
310|14|"MAIETTA Domenico"|"EMPOLI"|1|1|1|6.0|0|1|6.0|0|0|0|0|0|0|0|0|0|0|0|0|0|0|0|0|5
311|14|"MAKSIMOVIC Nikola"|"NAPOLI"|1|1|0|0.0|0|0|0.0|0|0|0|0|0|0|0|0|0|0|0|0|0|0|0|0|6
312|14|"MANCINI Gianluca"|"ATALANTA"|1|1|0|0.0|0|0|0.0|0|0|0|0|0|0|0|0|0|0|0|0|0|0|0|0|15
313|14|"MANOLAS Konstantinos"|"ROMA"|1|1|1|5.0|0|1|5.0|0|0|0|0|0|0|0|0|0|0|0|0|0|0|0|0|17
314|14|"MARCANO Iván"|"ROMA"|1|1|0|0.0|0|0|0.0|0|0|0|0|0|0|0|0|0|0|0|0|0|0|0|0|8
315|14|"MARCHIZZA Riccardo"|"SASSUOLO"|0|1|0|0.0|0|0|0.0|0|0|0|0|0|0|0|0|0|0|0|0|0|0|0|0|2
316|14|"MARCJANIK Michal"|"EMPOLI"|1|1|0|0.0|0|0|0.0|0|0|0|0|0|0|0|0|0|0|0|0|0|0|0|0|4
317|14|"MARIO RUI Silva Duarte"|"NAPOLI"|1|1|0|0.0|0|0|0.0|0|0|0|0|0|0|0|0|0|0|0|0|0|0|0|0|8
318|14|"MARUSIC Adam"|"LAZIO"|1|1|0|0.0|0|0|0.0|0|0|0|0|0|0|0|0|0|0|0|0|0|0|0|0|13
319|14|"MASIELLO Andrea"|"ATALANTA"|1|1|1|4.5|0|1|5.0|0|0|0|0|0|1|0|0|0|0|0|0|0|0|0|0|12
320|14|"MBAYE Ibrahima"|"BOLOGNA"|1|1|0|0.0|0|0|0.0|0|0|0|0|0|0|0|0|0|0|0|0|0|0|0|0|9
321|14|"MILENKOVIC Nikola"|"FIORENTINA"|1|1|1|4.5|0|1|5.5|0|0|0|0|0|0|1|0|0|0|0|0|0|0|0|0|13
322|14|"MIRANDA Joao"|"INTER"|1|1|1|6.0|0|1|6.0|0|0|0|0|0|0|0|0|0|0|0|0|0|0|0|0|8
323|14|"MOLINARO Cristian"|"FROSINONE"|1|1|0|0.0|0|0|0.0|0|0|0|0|0|0|0|0|0|0|0|0|0|0|0|0|4
324|14|"MORETTI Emiliano"|"TORINO"|1|1|0|0.0|0|0|0.0|0|0|0|0|0|0|0|0|0|0|0|0|0|0|0|0|6
325|14|"MURRU Nicola"|"SAMPDORIA"|1|1|1|7.5|0|1|6.5|0|0|0|0|1|0|0|0|0|0|0|0|0|0|0|0|8
326|14|"MUSACCHIO Mateo"|"MILAN"|1|1|0|0.0|0|0|0.0|0|0|0|0|0|0|0|0|0|0|0|0|0|0|0|0|6
327|14|"NKOULOU Nicolas"|"TORINO"|1|1|1|6.0|0|1|6.5|0|0|0|0|0|1|0|0|0|0|0|0|0|0|0|0|15
328|14|"NUYTINCK Bram"|"UDINESE"|1|1|1|5.0|0|1|5.0|0|0|0|0|0|0|0|0|0|0|0|0|0|0|0|0|7
329|14|"OLIVERA Maximiliano"|"FIORENTINA"|1|1|0|0.0|0|0|0.0|0|0|0|0|0|0|0|0|0|0|0|0|0|0|0|0|3
330|14|"OPOKU Nicholas"|"UDINESE"|1|1|0|0.0|0|0|0.0|0|0|0|0|0|0|0|0|0|0|0|0|0|0|0|0|2
331|14|"PAJAC Marko"|"CAGLIARI"|1|1|1|6.5|0|1|6.5|0|0|0|0|0|0|0|0|0|0|0|0|0|0|0|0|5
332|14|"PALOMINO José Luis"|"ATALANTA"|1|1|1|6.5|0|1|6.5|0|0|0|0|0|0|0|0|0|0|0|0|0|0|0|0|11
333|14|"PASQUAL Manuel"|"EMPOLI"|1|1|1|6.0|0|1|6.0|0|0|0|0|0|0|0|0|0|0|0|0|0|0|0|0|9
334|14|"PAZ Nehuén"|"BOLOGNA"|1|1|0|0.0|0|0|0.0|0|0|0|0|0|0|0|0|0|0|0|0|0|0|0|0|4
335|14|"PELLEGRINI Luca"|"ROMA"|1|1|1|5.0|0|1|5.0|0|0|0|0|0|0|0|0|0|0|0|0|0|0|0|0|2
336|14|"PELUSO Federico"|"SASSUOLO"|1|1|0|0.0|0|0|0.0|0|0|0|0|0|0|0|0|0|0|0|0|0|0|0|0|4
337|14|"PEREIRA Pedro"|"GENOA"|1|1|1|5.0|0|1|5.0|0|0|0|0|0|0|0|0|0|0|0|0|0|0|0|0|4
338|14|"PEZZELLA German"|"FIORENTINA"|1|1|1|7.5|0|1|6.5|0|0|0|0|1|0|0|0|0|0|0|0|0|0|0|0|13
339|14|"PEZZELLA Giuseppe"|"UDINESE"|1|1|1|5.5|0|1|5.5|0|0|0|0|0|0|0|0|0|0|0|0|0|0|0|0|4
340|14|"PISACANE Fabio"|"CAGLIARI"|1|1|0|0.0|0|0|0.0|0|0|0|0|0|0|0|0|0|0|0|0|0|0|0|0|6
341|14|"POLVANI Luca"|"EMPOLI"|1|1|0|0.0|0|0|0.0|0|0|0|0|0|0|0|0|0|0|0|0|0|0|0|0|2
342|14|"RADU Stefan"|"LAZIO"|1|1|1|5.5|0|1|5.5|0|0|0|0|0|0|0|0|0|0|0|0|0|0|0|0|9
343|14|"RANOCCHIA Andrea"|"INTER"|1|1|0|0.0|0|0|0.0|0|0|0|0|0|0|0|0|0|0|0|0|0|0|0|0|4
344|14|"RASMUSSEN Jacob"|"EMPOLI"|1|1|0|0.0|0|0|0.0|0|0|0|0|0|0|0|0|0|0|0|0|0|0|0|0|4
345|14|"RECA Arkadiusz"|"ATALANTA"|1|1|0|0.0|0|0|0.0|0|0|0|0|0|0|0|0|0|0|0|0|0|0|0|0|4
346|14|"REGINI Vasco"|"SAMPDORIA"|1|1|0|0.0|0|0|0.0|0|0|0|0|0|0|0|0|0|0|0|0|0|0|0|0|4
347|14|"RODRIGUEZ Ricardo"|"MILAN"|1|1|1|6.0|0|1|6.0|0|0|0|0|0|0|0|0|0|0|0|0|0|0|0|0|12
348|14|"ROGERIO Oliveira Da Silva"|"SASSUOLO"|1|1|1|6.0|0|1|6.0|0|0|0|0|0|0|0|0|0|0|0|0|0|0|0|0|6
349|14|"ROLANDO Gabriele"|"SAMPDORIA"|1|1|0|0.0|0|0|0.0|0|0|0|0|0|0|0|0|0|0|0|0|0|0|0|0|3
350|14|"ROMAGNA Filippo"|"CAGLIARI"|1|1|0|0.0|0|0|0.0|0|0|0|0|0|0|0|0|0|0|0|0|0|0|0|0|8
351|14|"ROMAGNOLI Alessio"|"MILAN"|1|1|0|0.0|0|0|0.0|0|0|0|0|0|0|0|0|0|0|0|0|0|0|0|0|17
352|14|"ROMAGNOLI Simone"|"EMPOLI"|0|1|0|0.0|0|0|0.0|0|0|0|0|0|0|0|0|0|0|0|0|0|0|0|0|3
353|14|"ROSSETTINI Luca"|"CHIEVO"|1|1|0|0.0|0|0|0.0|0|0|0|0|0|0|0|0|0|0|0|0|0|0|0|0|5
354|14|"RUGANI Daniele"|"JUVENTUS"|1|1|0|0.0|0|0|0.0|0|0|0|0|0|0|0|0|0|0|0|0|0|0|0|0|8
355|14|"RUSSO Adriano"|"FROSINONE"|0|1|0|0.0|0|0|0.0|0|0|0|0|0|0|0|0|0|0|0|0|0|0|0|0|2
356|14|"SALA Jacopo"|"SAMPDORIA"|1|1|0|0.0|0|0|0.0|0|0|0|0|0|0|0|0|0|0|0|0|0|0|0|0|4
357|14|"SALAMON Bartosz"|"FROSINONE"|1|1|0|0.0|0|0|0.0|0|0|0|0|0|0|0|0|0|0|0|0|0|0|0|0|4
358|14|"SAMIR Caetano de Sousa"|"UDINESE"|1|1|0|0.0|0|0|0.0|0|0|0|0|0|0|0|0|0|0|0|0|0|0|0|0|7
359|14|"SANTON Davide"|"ROMA"|1|1|0|0.0|0|0|0.0|0|0|0|0|0|0|0|0|0|0|0|0|0|0|0|0|7
360|14|"SCAGLIA Luigi"|"PARMA"|0|1|0|0.0|0|0|0.0|0|0|0|0|0|0|0|0|0|0|0|0|0|0|0|0|4
361|14|"SERNICOLA Leonardo"|"SASSUOLO"|1|1|0|0.0|0|0|0.0|0|0|0|0|0|0|0|0|0|0|0|0|0|0|0|0|1
362|14|"SIMIC Stefan"|"MILAN"|1|1|0|0.0|0|0|0.0|0|0|0|0|0|0|0|0|0|0|0|0|0|0|0|0|2
363|14|"SKRINIAR Milan"|"INTER"|1|1|1|6.0|0|1|6.0|0|0|0|0|0|0|0|0|0|0|0|0|0|0|0|0|18
364|14|"SPINAZZOLA Leonardo"|"JUVENTUS"|1|1|0|0.0|0|0|0.0|0|0|0|0|0|0|0|0|0|0|0|0|0|0|0|0|4
365|14|"SPOLLI Nicolas"|"GENOA"|1|1|0|0.0|0|0|0.0|0|0|0|0|0|0|0|0|0|0|0|0|0|0|0|0|4
366|14|"SRNA Darijo"|"CAGLIARI"|1|1|1|5.5|0|1|6.5|0|0|0|0|0|0|1|0|0|0|0|0|0|0|0|0|11
367|14|"STRINIC Ivan"|"MILAN"|1|1|0|0.0|0|0|0.0|0|0|0|0|0|0|0|0|0|0|0|0|0|0|0|0|4
368|14|"TANASIJEVIC Strahinja"|"CHIEVO"|1|1|0|0.0|0|0|0.0|0|0|0|0|0|1|0|0|0|0|0|0|0|0|0|0|1
369|14|"TAVARES Junior"|"SAMPDORIA"|1|1|0|0.0|0|0|0.0|0|0|0|0|0|0|0|0|0|0|0|0|0|0|0|0|4
370|14|"TER AVEST Hidde"|"UDINESE"|1|1|1|6.0|0|1|6.0|0|0|0|0|0|0|0|0|0|0|0|0|0|0|0|0|6
371|14|"TERRANOVA Emanuele"|"FROSINONE"|0|1|0|0.0|0|0|0.0|0|0|0|0|0|0|0|0|0|0|0|0|0|0|0|0|6
372|14|"TOLOI Rafael"|"ATALANTA"|1|1|1|8.0|0|1|7.0|0|0|0|0|1|0|0|0|0|0|0|0|0|0|0|0|13
373|14|"TOMOVIC Nenad"|"CHIEVO"|1|1|0|0.0|0|0|0.0|0|0|0|0|0|0|0|0|0|0|0|0|0|0|0|0|7
374|14|"TONELLI Lorenzo"|"SAMPDORIA"|1|1|0|0.0|0|0|0.0|0|0|0|0|0|0|0|0|0|0|0|0|0|0|0|0|8
375|14|"UNTERSEE Joel"|"EMPOLI"|1|1|1|6.0|0|1|6.0|0|0|0|0|0|0|0|0|0|0|0|0|0|0|0|0|3
376|14|"VAISANEN Sauli"|"SPAL"|0|1|0|0.0|0|0|0.0|0|0|0|0|0|0|0|0|0|0|0|0|0|0|0|0|3
377|14|"VALJENT Martin"|"CHIEVO"|0|1|0|0.0|0|0|0.0|0|0|0|0|0|0|0|0|0|0|0|0|0|0|0|0|3
378|14|"VARNIER Marco"|"ATALANTA"|1|1|0|0.0|0|0|0.0|0|0|0|0|0|0|0|0|0|0|0|0|0|0|0|0|4
379|14|"VENUTI Lorenzo"|"FIORENTINA"|0|1|0|0.0|0|0|0.0|0|0|0|0|0|0|0|0|0|0|0|0|0|0|0|0|4
380|14|"VESELI Frederic"|"EMPOLI"|1|1|1|5.5|0|1|6.0|0|0|0|0|0|1|0|0|0|0|0|0|0|0|0|0|4
381|14|"VICARI Francesco"|"SPAL"|1|1|1|5.5|0|1|6.0|0|0|0|0|0|1|0|0|0|0|0|0|0|0|0|0|8
382|14|"VITOR HUGO Franchescoli de Souza"|"FIORENTINA"|1|1|0|0.0|0|0|0.0|0|0|0|0|0|0|0|0|0|0|0|0|0|0|0|0|9
383|14|"WAGUE Molla"|"UDINESE"|1|1|0|0.0|0|0|0.0|0|0|0|0|0|0|0|0|0|0|0|0|0|0|0|0|4
384|14|"WALLACE Oliveira dos Santos"|"LAZIO"|1|1|1|5.0|0|1|5.5|0|0|0|0|0|1|0|0|0|0|0|0|0|0|0|0|4
385|14|"ZAPATA Cristian"|"MILAN"|1|1|1|6.5|0|1|7.0|0|0|0|0|0|1|0|0|0|0|0|0|0|0|0|0|6
386|14|"ZUKANOVIC Ervin"|"GENOA"|1|1|0|0.0|0|0|0.0|0|0|0|0|0|0|0|0|0|0|0|0|0|0|0|0|5
387|14|"SIERRALTA Francisco"|"PARMA"|1|1|0|0.0|0|0|0.0|0|0|0|0|0|0|0|0|0|0|0|0|0|0|0|0|2
388|14|"PATRIC Patricio Gabarron Gil"|"LAZIO"|1|1|1|5.0|0|1|5.0|0|0|0|0|0|0|0|0|0|0|0|0|0|0|0|0|6
389|14|"MATTIELLO Federico"|"BOLOGNA"|1|1|1|6.0|0|1|6.0|0|0|0|0|0|0|0|0|0|0|0|0|0|0|0|0|9
390|14|"DJOUROU Johan Danon"|"SPAL"|1|1|0|0.0|0|0|0.0|0|0|0|0|0|0|0|0|0|0|0|0|0|0|0|0|7
391|14|"TRIPALDELLI Alessandro"|"SASSUOLO"|0|1|0|0.0|0|0|0.0|0|0|0|0|0|0|0|0|0|0|0|0|0|0|0|0|1
392|14|"LUKAKU Jordan Zacharie"|"LAZIO"|1|1|0|0.0|0|0|0.0|0|0|0|0|0|0|0|0|0|0|0|0|0|0|0|0|6
393|14|"MAGNANI Giangiacomo"|"SASSUOLO"|1|1|0|0.0|0|0|0.0|0|0|0|0|0|0|0|0|0|0|0|0|0|0|0|0|6
394|14|"GILLEKENS Jordy"|"FIORENTINA"|1|1|0|0.0|0|0|0.0|0|0|0|0|0|0|0|0|0|0|0|0|0|0|0|0|1
395|14|"GABBIA Matteo"|"MILAN"|0|1|0|0.0|0|0|0.0|0|0|0|0|0|0|0|0|0|0|0|0|0|0|0|0|1
396|14|"BELLANOVA Raoul"|"MILAN"|1|1|0|0.0|0|0|0.0|0|0|0|0|0|0|0|0|0|0|0|0|0|0|0|0|1
397|14|"VRSALJKO Sime"|"INTER"|1|1|1|5.5|0|1|5.5|0|0|0|0|0|0|0|0|0|0|0|0|0|0|0|0|11
398|14|"LOPEZ Lisandro"|"GENOA"|1|1|0|0.0|0|0|0.0|0|0|0|0|0|0|0|0|0|0|0|0|0|0|0|0|4
399|14|"SILVESTRE Matias"|"EMPOLI"|1|1|1|6.0|0|1|6.0|0|0|0|0|0|0|0|0|0|0|0|0|0|0|0|0|13
400|14|"MALCUIT Kevin"|"NAPOLI"|1|1|0|0.0|0|0|0.0|0|0|0|0|0|0|0|0|0|0|0|0|0|0|0|0|8
401|14|"ANDERSON Djavan"|"LAZIO"|0|1|0|0.0|0|0|0.0|0|0|0|0|0|0|0|0|0|0|0|0|0|0|0|0|4
402|14|"FERIGRA Erick"|"TORINO"|1|1|0|0.0|0|0|0.0|0|0|0|0|0|0|0|0|0|0|0|0|0|0|0|0|1
403|14|"CORBO Gabriele"|"BOLOGNA"|1|1|0|0.0|0|0|0.0|0|0|0|0|0|0|0|0|0|0|0|0|0|0|0|0|1
404|14|"BARBA Federico"|"CHIEVO"|1|1|1|6.0|0|1|6.0|0|0|0|0|0|0|0|0|0|0|0|0|0|0|0|0|5
405|14|"AINA Ola"|"TORINO"|1|1|1|6.5|0|1|6.5|0|0|0|0|0|0|0|0|0|0|0|0|0|0|0|0|9
406|14|"DJIDJI Koffi"|"TORINO"|1|1|1|7.0|0|1|7.0|0|0|0|0|0|0|0|0|0|0|0|0|0|0|0|0|8
407|14|"ZAMPANO Francesco"|"FROSINONE"|1|1|1|5.5|0|1|5.5|0|0|0|0|0|0|0|0|0|0|0|0|0|0|0|0|8
408|14|"SIMIC Lorenco"|"SPAL"|1|1|0|0.0|0|0|0.0|0|0|0|0|0|0|0|0|0|0|0|0|0|0|0|0|4
409|14|"MARLON -"|"SASSUOLO"|1|1|1|5.5|0|1|5.5|0|0|0|0|0|0|0|0|0|0|0|0|0|0|0|0|9
410|14|"DJIMSITI Berat"|"ATALANTA"|1|1|0|0.0|0|0|0.0|0|0|0|0|0|0|0|0|0|0|0|0|0|0|0|0|7
411|14|"TROOST-EKONG William"|"UDINESE"|1|1|1|5.5|0|1|5.5|0|0|0|0|0|0|0|0|0|0|0|0|0|0|0|0|9
412|14|"VERGARA Jherson"|"CAGLIARI"|0|1|0|0.0|0|0|0.0|0|0|0|0|0|0|0|0|0|0|0|0|0|0|0|0|2
413|14|"SALVI Matteo"|"SPAL"|1|1|0|0.0|0|0|0.0|0|0|0|0|0|0|0|0|0|0|0|0|0|0|0|0|1
414|14|"FERRARESI Stefano"|"SASSUOLO"|1|1|0|0.0|0|0|0.0|0|0|0|0|0|0|0|0|0|0|0|0|0|0|0|0|1
415|14|"KLAVAN Ragnar"|"CAGLIARI"|1|1|1|6.0|0|1|6.0|0|0|0|0|0|0|0|0|0|0|0|0|0|0|0|0|8
416|14|"RIGIONE Michele"|"CHIEVO"|1|1|0|0.0|0|0|0.0|0|0|0|0|0|0|0|0|0|0|0|0|0|0|0|0|2
417|14|"ROMERO Cristian"|"GENOA"|1|1|1|6.0|0|1|6.0|0|0|0|0|0|0|0|0|0|0|0|0|0|0|0|0|7
418|14|"DI MAGGIO Andrea"|"PARMA"|1|1|0|0.0|0|0|0.0|0|0|0|0|0|0|0|0|0|0|0|0|0|0|0|0|1
500|14|"ACQUAH Afriyie"|"EMPOLI"|1|2|0|0.0|0|0|0.0|0|0|0|0|0|0|0|0|0|0|0|0|0|0|0|0|7
501|14|"ALLAN Marques Loureiro"|"NAPOLI"|1|2|1|6.5|0|1|6.5|0|0|0|0|0|0|0|0|0|0|0|0|0|0|0|0|19
503|14|"BADU Emmanuel"|"UDINESE"|1|2|0|0.0|0|0|0.0|0|0|0|0|0|0|0|0|0|0|0|0|0|0|0|0|4
504|14|"BALIC Andrija"|"UDINESE"|1|2|0|0.0|0|0|0.0|0|0|0|0|0|0|0|0|0|0|0|0|0|0|0|0|4
505|14|"BANDINELLI Filippo"|"SASSUOLO"|0|2|0|0.0|0|0|0.0|0|0|0|0|0|0|0|0|0|0|0|0|0|0|0|0|3
506|14|"BARAK Antonin"|"UDINESE"|1|2|0|0.0|0|0|0.0|0|0|0|0|0|0|0|0|0|0|0|0|0|0|0|0|16
507|14|"BARELLA Nicolò"|"CAGLIARI"|1|2|0|0.0|0|0|0.0|0|0|0|0|0|0|0|0|0|0|0|0|0|0|0|0|17
508|14|"BARILLÀ Antonino"|"PARMA"|1|2|1|5.5|0|1|6.0|0|0|0|0|0|1|0|0|0|0|0|0|0|0|0|0|10
509|14|"BARRETO Edgar"|"SAMPDORIA"|1|2|0|0.0|0|0|0.0|0|0|0|0|0|0|0|0|0|0|0|0|0|0|0|0|9
510|14|"BASELLI Daniele"|"TORINO"|1|2|1|5.5|0|1|6.0|0|0|0|0|0|1|0|0|0|0|0|0|0|0|0|0|19
511|14|"BAUMGARTNER Denis"|"SAMPDORIA"|0|2|0|0.0|0|0|0.0|0|0|0|0|0|0|0|0|0|0|0|0|0|0|0|0|1
512|14|"BEGHETTO Andrea"|"FROSINONE"|1|2|1|5.0|0|1|5.0|0|0|0|0|0|0|0|0|0|0|0|0|0|0|0|0|6
513|14|"BEHRAMI Valon"|"UDINESE"|1|2|0|0.0|0|0|0.0|0|0|0|0|0|0|0|0|0|0|0|0|0|0|0|0|7
514|14|"BENASSI Marco"|"FIORENTINA"|1|2|1|9.5|0|1|6.0|1|0|0|0|0|1|0|0|0|0|0|0|0|0|0|0|24
515|14|"BENNACER Ismael"|"EMPOLI"|1|2|1|6.5|0|1|6.5|0|0|0|0|0|0|0|0|0|0|0|0|0|0|0|0|10
516|14|"BENTANCUR Rodrigo"|"JUVENTUS"|1|2|1|6.0|0|1|6.5|0|0|0|0|0|1|0|0|0|0|0|0|0|0|0|0|13
517|14|"BERENGUER Alex"|"TORINO"|1|2|0|0.0|0|0|0.0|0|0|0|0|0|0|0|0|0|0|0|0|0|0|0|0|11
518|14|"BERISHA Valon"|"LAZIO"|1|2|0|0.0|0|0|0.0|0|0|0|0|0|0|0|0|0|0|0|0|0|0|0|0|10
519|14|"BERNARDESCHI Federico"|"JUVENTUS"|1|2|0|0.0|0|0|0.0|0|0|0|0|0|0|0|0|0|0|0|0|0|0|0|0|19
520|14|"BERTOLACCI Andrea"|"MILAN"|1|2|0|0.0|0|0|0.0|0|0|0|0|0|0|0|0|0|0|0|0|0|0|0|0|6
521|14|"BESEA Emmanuel"|"FROSINONE"|1|2|0|0.0|0|0|0.0|0|0|0|0|0|0|0|0|0|0|0|0|0|0|0|0|2
522|14|"BESSA Daniel"|"GENOA"|1|2|0|0.0|0|0|0.0|0|0|0|0|0|0|0|0|0|0|0|0|0|0|0|0|14
523|14|"BIGLIA Lucas"|"MILAN"|1|2|0|0.0|0|0|0.0|0|0|0|0|0|0|0|0|0|0|0|0|0|0|0|0|12
524|14|"BIRSA Valter"|"CHIEVO"|1|2|1|5.0|0|1|5.0|0|0|0|0|0|0|0|0|0|0|0|0|0|0|0|0|16
525|14|"BOATENG Kevin-Prince"|"SASSUOLO"|1|2|0|0.0|0|0|0.0|0|0|0|0|0|0|0|0|0|0|0|0|0|0|0|0|20
526|14|"BONAVENTURA Giacomo"|"MILAN"|1|2|0|0.0|0|0|0.0|0|0|0|0|0|0|0|0|0|0|0|0|0|0|0|0|25
527|14|"BORINI Fabio"|"MILAN"|1|2|0|0.0|0|0|0.0|0|0|0|0|0|0|0|0|0|0|0|0|0|0|0|0|8
528|14|"BORJA VALERO Iglesias"|"INTER"|1|2|1|5.5|0|1|5.5|0|0|0|0|0|0|0|0|0|0|0|0|0|0|0|0|9
529|14|"BOURABIA Mehdi"|"SASSUOLO"|1|2|1|5.5|0|1|5.5|0|0|0|0|0|0|0|0|0|0|0|0|0|0|0|0|9
530|14|"BRIGHI Matteo"|"EMPOLI"|1|2|0|0.0|0|0|0.0|0|0|0|0|0|0|0|0|0|0|0|0|0|0|0|0|4
531|14|"BROZOVIC Marcelo"|"INTER"|1|2|1|6.5|0|1|7.0|0|0|0|0|0|1|0|0|0|0|0|0|0|0|0|0|19
532|14|"CALHANOGLU Hakan"|"MILAN"|1|2|1|5.0|0|1|5.0|0|0|0|0|0|0|0|0|0|0|0|0|0|0|0|0|18
533|14|"CALIGARA Fabrizio"|"CAGLIARI"|0|2|0|0.0|0|0|0.0|0|0|0|0|0|0|0|0|0|0|0|0|0|0|0|0|1
534|14|"CALLEGARI Lorenzo"|"GENOA"|0|2|0|0.0|0|0|0.0|0|0|0|0|0|0|0|0|0|0|0|0|0|0|0|0|1
535|14|"CAN Emre"|"JUVENTUS"|1|2|0|0.0|0|0|0.0|0|0|0|0|0|0|0|0|0|0|0|0|0|0|0|0|18
536|14|"CANDREVA Antonio"|"INTER"|1|2|0|0.0|0|0|0.0|0|0|0|0|0|0|0|0|0|0|0|0|0|0|0|0|14
537|14|"CAPEZZI Leonardo"|"EMPOLI"|1|2|0|0.0|0|0|0.0|0|0|0|0|0|1|0|0|0|0|0|0|0|0|0|0|5
538|14|"CASSATA Francesco"|"FROSINONE"|1|2|1|5.0|0|1|5.5|0|0|0|0|0|1|0|0|0|0|0|0|0|0|0|0|7
539|14|"CASTRO Lucas"|"CAGLIARI"|1|2|0|0.0|0|0|0.0|0|0|0|0|0|0|0|0|0|0|0|0|0|0|0|0|17
540|14|"CATALDI Danilo"|"LAZIO"|1|2|1|6.0|0|1|6.0|0|0|0|0|0|0|0|0|0|0|0|0|0|0|0|0|8
541|14|"CHIBSAH Raman"|"FROSINONE"|1|2|1|5.0|0|1|5.0|0|0|0|0|0|0|0|0|0|0|0|0|0|0|0|0|10
542|14|"CHIESA Federico"|"FIORENTINA"|1|2|1|6.0|0|1|6.0|0|0|0|0|0|0|0|0|0|0|0|0|0|0|0|0|23
543|14|"CIGARINI Luca"|"CAGLIARI"|1|2|0|0.0|0|0|0.0|0|0|0|0|0|0|0|0|0|0|0|0|0|0|0|0|9
544|14|"COLOMBATTO Santiago"|"CAGLIARI"|0|2|0|0.0|0|0|0.0|0|0|0|0|0|0|0|0|0|0|0|0|0|0|0|0|3
545|14|"CORIC Ante"|"ROMA"|1|2|0|0.0|0|0|0.0|0|0|0|0|0|0|0|0|0|0|0|0|0|0|0|0|7
546|14|"COULIBALY Mamadou"|"UDINESE"|1|2|0|0.0|0|0|0.0|0|0|0|0|0|0|0|0|0|0|0|0|0|0|0|0|3
547|14|"CRISETIG Lorenzo"|"FROSINONE"|1|2|0|0.0|0|0|0.0|0|0|0|0|0|0|0|0|0|0|0|0|0|0|0|0|4
548|14|"CRISTANTE Bryan"|"ROMA"|1|2|1|9.5|0|1|6.0|1|0|0|0|0|1|0|0|0|0|0|0|0|0|0|0|21
549|14|"CRISTOFORO Sebastian"|"FIORENTINA"|0|2|0|0.0|0|0|0.0|0|0|0|0|0|0|0|0|0|0|0|0|0|0|0|0|3
550|14|"CUADRADO Juan"|"JUVENTUS"|1|2|0|0.0|0|0|0.0|0|0|0|0|0|0|0|0|0|0|0|0|0|0|0|0|20
551|14|"D'ALESSANDRO Marco"|"UDINESE"|1|2|1|7.0|0|1|6.0|0|0|0|0|1|0|0|0|0|0|0|0|0|0|0|0|6
552|14|"DABO Bryan"|"FIORENTINA"|1|2|0|0.0|0|0|0.0|0|0|0|0|0|0|0|0|0|0|0|0|0|0|0|0|8
553|14|"DE PAUL Rodrigo"|"UDINESE"|1|2|1|5.0|0|1|5.0|0|0|0|0|0|0|0|0|0|0|0|0|0|0|0|0|22
554|14|"DE ROON Marten"|"ATALANTA"|1|2|1|7.0|0|1|7.0|0|0|0|0|0|0|0|0|0|0|0|0|0|0|0|0|15
555|14|"DE ROSSI Daniele"|"ROMA"|1|2|0|0.0|0|0|0.0|0|0|0|0|0|0|0|0|0|0|0|0|0|0|0|0|12
556|14|"DEIOLA Alessandro"|"PARMA"|1|2|0|0.0|0|0|0.0|0|0|0|0|0|0|0|0|0|0|0|0|0|0|0|0|5
557|14|"DEPAOLI Fabio"|"CHIEVO"|1|2|1|4.0|0|1|5.0|0|0|0|0|0|0|1|0|0|0|0|0|0|0|0|0|7
558|14|"DESSENA Daniele"|"CAGLIARI"|1|2|0|0.0|0|0|0.0|0|0|0|0|0|0|0|0|0|0|0|0|0|0|0|0|4
559|14|"DEZI Jacopo"|"PARMA"|1|2|0|0.0|0|0|0.0|0|0|0|0|0|0|0|0|0|0|0|0|0|0|0|0|4
560|14|"DI GENNARO Davide"|"LAZIO"|0|2|0|0.0|0|0|0.0|0|0|0|0|0|0|0|0|0|0|0|0|0|0|0|0|3
561|14|"DIAWARA Amadou"|"NAPOLI"|1|2|0|0.0|0|0|0.0|0|0|0|0|0|0|0|0|0|0|0|0|0|0|0|0|8
562|14|"DJURICIC Filip"|"SASSUOLO"|1|2|1|3.5|0|1|4.5|0|0|0|0|0|0|1|0|0|0|0|0|0|0|0|0|10
563|14|"DONSAH Godfred"|"BOLOGNA"|1|2|0|0.0|0|0|0.0|0|0|0|0|0|0|0|0|0|0|0|0|0|0|0|0|4
564|14|"DOUGLAS COSTA de Souza"|"JUVENTUS"|1|2|1|6.0|0|1|6.0|0|0|0|0|0|0|0|0|0|0|0|0|0|0|0|0|22
565|14|"DUNCAN Alfred"|"SASSUOLO"|1|2|1|12.0|0|1|7.0|1|0|0|0|1|0|0|0|0|0|0|0|0|0|0|0|13
566|14|"DZEMAILI Blerim"|"BOLOGNA"|1|2|1|4.5|0|1|5.0|0|0|0|0|0|1|0|0|0|0|0|0|0|0|0|0|9
567|14|"EMMERS Xian"|"INTER"|0|2|0|0.0|0|0|0.0|0|0|0|0|0|0|0|0|0|0|0|0|0|0|0|0|1
568|14|"EVANGELISTA Lucas"|"UDINESE"|0|2|0|0.0|0|0|0.0|0|0|0|0|0|0|0|0|0|0|0|0|0|0|0|0|5
569|14|"EVERTON LUIZ Guimaraes Bilher"|"SPAL"|1|2|0|0.0|0|0|0.0|0|0|0|0|0|0|0|0|0|0|0|0|0|0|0|0|5
570|14|"EYSSERIC Valentin"|"FIORENTINA"|1|2|0|0.0|0|0|0.0|0|0|0|0|0|0|0|0|0|0|0|0|0|0|0|0|10
571|14|"FARES Mohamed"|"SPAL"|1|2|1|5.5|0|1|5.5|0|0|0|0|0|0|0|0|0|0|0|0|0|0|0|0|6
572|14|"FOFANA Seko"|"UDINESE"|1|2|1|5.5|0|1|5.5|0|0|0|0|0|0|0|0|0|0|0|0|0|0|0|0|13
573|14|"FRATTESI Davide"|"SASSUOLO"|0|2|0|0.0|0|0|0.0|0|0|0|0|0|0|0|0|0|0|0|0|0|0|0|0|1
574|14|"FREDIANI Marco"|"PARMA"|0|2|0|0.0|0|0|0.0|0|0|0|0|0|0|0|0|0|0|0|0|0|0|0|0|1
575|14|"FREULER Remo"|"ATALANTA"|1|2|1|6.5|0|1|6.5|0|0|0|0|0|0|0|0|0|0|0|0|0|0|0|0|19
576|14|"GAGLIARDINI Roberto"|"INTER"|1|2|1|5.0|0|1|5.0|0|0|0|0|0|0|0|0|0|0|0|0|0|0|0|0|13
577|14|"GARRITANO Luca"|"CHIEVO"|0|2|0|0.0|0|0|0.0|0|0|0|0|0|0|0|0|0|0|0|0|0|0|0|0|5
578|14|"GAUDINO Gianluca"|"CHIEVO"|0|2|0|0.0|0|0|0.0|0|0|0|0|0|0|0|0|0|0|0|0|0|0|0|0|4
579|14|"GERSON Santos Da Silva"|"FIORENTINA"|1|2|1|5.5|0|1|5.5|0|0|0|0|0|0|0|0|0|0|0|0|0|0|0|0|10
580|14|"GIACCHERINI Emanuele"|"CHIEVO"|1|2|1|6.0|0|1|6.0|0|0|0|0|0|0|0|0|0|0|0|0|0|0|0|0|16
581|14|"GIORNO Francesco"|"PARMA"|0|2|0|0.0|0|0|0.0|0|0|0|0|0|0|0|0|0|0|0|0|0|0|0|0|1
582|14|"GONALONS Maxime"|"ROMA"|0|2|0|0.0|0|0|0.0|0|0|0|0|0|0|0|0|0|0|0|0|0|0|0|0|6
583|14|"GORI Mirko"|"FROSINONE"|1|2|0|0.0|0|0|0.0|0|0|0|0|0|0|0|0|0|0|0|0|0|0|0|0|4
584|14|"GRASSI Alberto"|"PARMA"|1|2|0|0.0|0|0|0.0|0|0|0|0|0|0|0|0|0|0|0|0|0|0|0|0|9
585|14|"HAAS Nicolas"|"ATALANTA"|0|2|0|0.0|0|0|0.0|0|0|0|0|0|0|0|0|0|0|0|0|0|0|0|0|3
586|14|"HALILOVIC Alen"|"MILAN"|1|2|0|0.0|0|0|0.0|0|0|0|0|0|0|0|0|0|0|0|0|0|0|0|0|5
587|14|"HALLFREDSSON Emil"|"FROSINONE"|1|2|0|0.0|0|0|0.0|0|0|0|0|0|0|0|0|0|0|0|0|0|0|0|0|4
588|14|"HAMSIK Marek"|"NAPOLI"|1|2|1|6.5|0|1|6.5|0|0|0|0|0|0|0|0|0|0|0|0|0|0|0|0|19
589|14|"HETEMAJ Perparim"|"CHIEVO"|1|2|1|5.0|0|1|5.5|0|0|0|0|0|1|0|0|0|0|0|0|0|0|0|0|9
590|14|"HILJEMARK Oscar"|"GENOA"|1|2|1|6.0|0|1|6.0|0|0|0|0|0|0|0|0|0|0|0|0|0|0|0|0|9
591|14|"INGELSSON Svante"|"UDINESE"|1|2|0|0.0|0|0|0.0|0|0|0|0|0|0|0|0|0|0|0|0|0|0|0|0|3
592|14|"IONITA Artur"|"CAGLIARI"|1|2|1|11.5|0|1|6.5|1|0|0|0|1|0|0|0|0|0|0|0|0|0|0|0|14
593|14|"JANKTO Jakub"|"SAMPDORIA"|1|2|1|6.0|0|1|6.0|0|0|0|0|0|0|0|0|0|0|0|0|0|0|0|0|13
594|14|"JOAO PEDRO Geraldino Galvao"|"CAGLIARI"|1|2|1|8.0|0|1|7.0|0|0|0|0|1|0|0|0|0|0|0|0|0|0|0|0|21
595|14|"KATUMA Aron"|"SPAL"|1|2|0|0.0|0|0|0.0|0|0|0|0|0|0|0|0|0|0|0|0|0|0|0|0|1
596|14|"KESSIE Franck"|"MILAN"|1|2|1|6.0|0|1|6.0|0|0|0|0|0|0|0|0|0|0|0|0|0|0|0|0|20
597|14|"KHEDIRA Sami"|"JUVENTUS"|1|2|0|0.0|0|0|0.0|0|0|0|0|0|0|0|0|0|0|0|0|0|0|0|0|22
598|14|"KINGSLEY Michael"|"BOLOGNA"|0|2|0|0.0|0|0|0.0|0|0|0|0|0|0|0|0|0|0|0|0|0|0|0|0|1
599|14|"KIYINE Sofian"|"CHIEVO"|1|2|0|0.0|0|0|0.0|0|0|0|0|0|0|0|0|0|0|0|0|0|0|0|0|6
600|14|"KONÉ Moussa"|"FROSINONE"|0|2|0|0.0|0|0|0.0|0|0|0|0|0|0|0|0|0|0|0|0|0|0|0|0|4
601|14|"KREJCI Ladislav"|"BOLOGNA"|1|2|1|5.0|0|1|5.0|0|0|0|0|0|0|0|0|0|0|0|0|0|0|0|0|5
602|14|"KRUNIC Rade"|"EMPOLI"|1|2|1|6.0|0|1|6.0|0|0|0|0|0|0|0|0|0|0|0|0|0|0|0|0|17
603|14|"KULUSEVSKI Dejan"|"ATALANTA"|1|2|0|0.0|0|0|0.0|0|0|0|0|0|0|0|0|0|0|0|0|0|0|0|0|1
604|14|"KURTIC Jasmin"|"SPAL"|1|2|1|6.0|0|1|6.0|0|0|0|0|0|0|0|0|0|0|0|0|0|0|0|0|17
605|14|"LAXALT Diego"|"MILAN"|1|2|0|0.0|0|0|0.0|0|0|0|0|0|0|0|0|0|0|0|0|0|0|0|0|11
606|14|"LAZOVIC Darko"|"GENOA"|1|2|1|6.0|0|1|6.0|0|0|0|0|0|0|0|0|0|0|0|0|0|0|0|0|8
607|14|"LAZZARI Manuel"|"SPAL"|1|2|1|6.0|0|1|6.0|0|0|0|0|0|0|0|0|0|0|0|0|0|0|0|0|18
608|14|"LEIVA Lucas"|"LAZIO"|1|2|0|0.0|0|0|0.0|0|0|0|0|0|0|0|0|0|0|0|0|0|0|0|0|15
609|14|"LINETTY Karol"|"SAMPDORIA"|1|2|1|4.5|0|1|5.0|0|0|0|0|0|1|0|0|0|0|0|0|0|0|0|0|13
610|14|"LJAJIC Adem"|"TORINO"|0|2|0|0.0|0|0|0.0|0|0|0|0|0|0|0|0|0|0|0|0|0|0|0|0|22
611|14|"LOCATELLI Manuel"|"SASSUOLO"|1|2|0|0.0|0|0|0.0|0|0|0|0|0|0|0|0|0|0|0|0|0|0|0|0|6
612|14|"LOLLO Lorenzo"|"EMPOLI"|1|2|0|0.0|0|0|0.0|0|0|0|0|0|0|0|0|0|0|0|0|0|0|0|0|4
613|14|"LUKIC Sasa"|"TORINO"|1|2|0|0.0|0|0|0.0|0|0|0|0|0|0|0|0|0|0|0|0|0|0|0|0|5
614|14|"LULIC Senad"|"LAZIO"|1|2|1|6.0|0|1|6.0|0|0|0|0|0|0|0|0|0|0|0|0|0|0|0|0|14
615|14|"MAGNANELLI Francesco"|"SASSUOLO"|1|2|0|0.0|0|0|0.0|0|0|0|0|0|0|0|0|0|0|0|0|0|0|0|0|8
616|14|"MAIELLO Raffaele"|"FROSINONE"|1|2|1|5.5|0|1|5.5|0|0|0|0|0|0|0|0|0|0|0|0|0|0|0|0|5
617|14|"MANDRAGORA Rolando"|"UDINESE"|1|2|1|5.0|0|1|5.0|0|0|0|0|0|0|0|0|0|0|0|0|0|0|0|0|11
618|14|"MARCHISIO Claudio"|"JUVENTUS"|0|2|0|0.0|0|0|0.0|0|0|0|0|0|0|0|0|0|0|0|0|0|0|0|0|6
619|14|"MATUIDI Blaise"|"JUVENTUS"|1|2|1|5.5|0|1|5.5|0|0|0|0|0|0|0|0|0|0|0|0|0|0|0|0|18
620|14|"MAURI Josè"|"MILAN"|1|2|0|0.0|0|0|0.0|0|0|0|0|0|0|0|0|0|0|0|0|0|0|0|0|3
621|14|"MAZZITELLI Luca"|"GENOA"|1|2|0|0.0|0|0|0.0|0|0|0|0|0|0|0|0|0|0|0|0|0|0|0|0|6
622|14|"MEITE Soualiho"|"TORINO"|1|2|1|6.0|0|1|6.0|0|0|0|0|0|0|0|0|0|0|0|0|0|0|0|0|12
623|14|"MILINKOVIC Sergej"|"LAZIO"|1|2|1|4.5|0|1|4.5|0|0|0|0|0|0|0|0|0|0|0|0|0|0|0|0|20
624|14|"MINALA Joseph"|"LAZIO"|1|2|0|0.0|0|0|0.0|0|0|0|0|0|0|0|0|0|0|0|0|0|0|0|0|4
625|14|"MISSIROLI Simone"|"SPAL"|1|2|1|6.0|0|1|6.0|0|0|0|0|0|0|0|0|0|0|0|0|0|0|0|0|10
626|14|"MONTOLIVO Riccardo"|"MILAN"|1|2|0|0.0|0|0|0.0|0|0|0|0|0|0|0|0|0|0|0|0|0|0|0|0|4
627|14|"MURGIA Alessandro"|"LAZIO"|1|2|0|0.0|0|0|0.0|0|0|0|0|0|0|0|0|0|0|0|0|0|0|0|0|4
628|14|"NAGY Adam"|"BOLOGNA"|1|2|1|6.0|0|1|6.0|0|0|0|0|0|0|0|0|0|0|0|0|0|0|0|0|4
629|14|"NAINGGOLAN Radja"|"INTER"|1|2|0|0.0|0|0|0.0|0|0|0|0|0|0|0|0|0|0|0|0|0|0|0|0|24
630|14|"OBI Joel"|"CHIEVO"|1|2|1|6.5|0|1|6.5|0|0|0|0|0|0|0|0|0|0|0|0|0|0|0|0|12
631|14|"OMEONGA Stephane"|"GENOA"|1|2|0|0.0|0|0|0.0|0|0|0|0|0|0|0|0|0|0|0|0|0|0|0|0|4
632|14|"PADOIN Simone"|"CAGLIARI"|1|2|1|5.5|0|1|5.5|0|0|0|0|0|0|0|0|0|0|0|0|0|0|0|0|9
633|14|"PAGANINI Luca"|"FROSINONE"|1|2|0|0.0|0|0|0.0|0|0|0|0|0|0|0|0|0|0|0|0|0|0|0|0|4
634|14|"PARIGINI Vittorio"|"TORINO"|1|2|0|0.0|0|0|0.0|0|0|0|0|0|0|0|0|0|0|0|0|0|0|0|0|6
635|14|"PAROLO Marco"|"LAZIO"|1|2|1|7.0|0|1|6.0|0|0|0|0|1|0|0|0|0|0|0|0|0|0|0|0|21
636|14|"PASTORE Javier"|"ROMA"|1|2|0|0.0|0|0|0.0|0|0|0|0|0|0|0|0|0|0|0|0|0|0|0|0|24
637|14|"PELLEGRINI Lorenzo"|"ROMA"|1|2|0|0.0|0|0|0.0|0|0|0|0|0|0|0|0|0|0|0|0|0|0|0|0|17
638|14|"PERISIC Ivan"|"INTER"|1|2|1|4.5|0|1|5.0|0|0|0|0|0|1|0|0|0|0|0|0|0|0|0|0|21
639|14|"PEROTTI Diego"|"ROMA"|1|2|0|0.0|0|0|0.0|0|0|0|0|0|0|0|0|0|0|0|0|0|0|0|0|16
640|14|"PESSINA Matteo"|"ATALANTA"|1|2|0|0.0|0|0|0.0|0|0|0|0|0|0|0|0|0|0|0|0|0|0|0|0|4
641|14|"PJANIC Miralem"|"JUVENTUS"|1|2|1|5.0|0|1|5.5|0|0|0|0|0|1|0|0|0|0|0|0|0|0|0|0|21
642|14|"POLI Andrea"|"BOLOGNA"|1|2|1|10.5|0|1|7.0|1|0|0|0|0|1|0|0|0|0|0|0|0|0|0|0|13
643|14|"PONTISSO Simone"|"UDINESE"|1|2|0|0.0|0|0|0.0|0|0|0|0|0|0|0|0|0|0|0|0|0|0|0|0|1
644|14|"PRAET Dennis"|"SAMPDORIA"|1|2|1|6.0|0|1|6.0|0|0|0|0|0|0|0|0|0|0|0|0|0|0|0|0|14
645|14|"PULGAR Erick"|"BOLOGNA"|1|2|0|0.0|0|0|0.0|0|0|0|0|0|0|0|0|0|0|0|0|0|0|0|0|7
646|14|"RADOVANOVIC Ivan"|"CHIEVO"|1|2|1|6.5|0|1|6.5|0|0|0|0|0|0|0|0|0|0|0|0|0|0|0|0|9
647|14|"RAMIREZ Gastón"|"SAMPDORIA"|1|2|1|6.0|0|1|6.0|0|0|0|0|0|0|0|0|0|0|0|0|0|0|0|0|16
648|14|"RICCARDI Alessio"|"ROMA"|1|2|0|0.0|0|0|0.0|0|0|0|0|0|0|0|0|0|0|0|0|0|0|0|0|1
649|14|"RIGONI Luca"|"PARMA"|1|2|1|5.0|0|1|5.5|0|0|0|0|0|1|0|0|0|0|0|0|0|0|0|0|10
650|14|"RIGONI Nicola"|"CHIEVO"|1|2|0|0.0|0|0|0.0|0|0|0|0|0|0|0|0|0|0|0|0|0|0|0|0|5
651|14|"RINCON Tomas"|"TORINO"|1|2|1|7.0|0|1|7.0|0|0|0|0|0|0|0|0|0|0|0|0|0|0|0|0|12
652|14|"RIZZO Luca"|"BOLOGNA"|0|2|0|0.0|0|0|0.0|0|0|0|0|0|0|0|0|0|0|0|0|0|0|0|0|4
653|14|"ROG Marko"|"NAPOLI"|1|2|1|6.0|0|1|6.0|0|0|0|0|0|0|0|0|0|0|0|0|0|0|0|0|9
654|14|"ROMULO Orestes"|"GENOA"|1|2|0|0.0|0|0|0.0|0|0|0|0|0|0|0|0|0|0|0|0|0|0|0|0|13
655|14|"RUIZ Fabian"|"NAPOLI"|1|2|0|0.0|0|0|0.0|0|0|0|0|0|0|0|0|0|0|0|0|0|0|0|0|21
656|14|"SAMMARCO Paolo"|"FROSINONE"|1|2|0|0.0|0|0|0.0|0|0|0|0|0|0|0|0|0|0|0|0|0|0|0|0|4
657|14|"SANCHEZ Carlos"|"FIORENTINA"|0|2|0|0.0|0|0|0.0|0|0|0|0|0|0|0|0|0|0|0|0|0|0|0|0|5
658|14|"SANDRO Raniere"|"GENOA"|1|2|1|6.0|0|1|6.0|0|0|0|0|0|0|0|0|0|0|0|0|0|0|0|0|11
659|14|"SAPONARA Riccardo"|"SAMPDORIA"|1|2|1|10.0|0|1|6.5|1|0|0|0|0|1|0|0|0|0|0|0|0|0|0|0|15
660|14|"SCAVONE Manuel"|"PARMA"|0|2|0|0.0|0|0|0.0|0|0|0|0|0|0|0|0|0|0|0|0|0|0|0|0|6
661|14|"SCHETINO Andres"|"FIORENTINA"|0|2|0|0.0|0|0|0.0|0|0|0|0|0|0|0|0|0|0|0|0|0|0|0|0|2
662|14|"SCHIATTARELLA Pasquale"|"SPAL"|1|2|1|6.0|0|1|6.0|0|0|0|0|0|0|0|0|0|0|0|0|0|0|0|0|10
663|14|"SCOZZARELLA Matteo"|"PARMA"|1|2|1|6.5|0|1|6.5|0|0|0|0|0|0|0|0|0|0|0|0|0|0|0|0|7
664|14|"SENSI Stefano"|"SASSUOLO"|1|2|1|10.0|0|1|6.5|1|0|0|0|0|1|0|0|0|0|0|0|0|0|0|0|12
665|14|"SODDIMO Danilo"|"FROSINONE"|1|2|1|5.5|0|1|5.5|0|0|0|0|0|0|0|0|0|0|0|0|0|0|0|0|7
666|14|"STIJEPOVIC Ognjen"|"SAMPDORIA"|1|2|0|0.0|0|0|0.0|0|0|0|0|0|0|0|0|0|0|0|0|0|0|0|0|1
667|14|"STROOTMAN Kevin"|"ROMA"|0|2|0|0.0|0|0|0.0|0|0|0|0|0|0|0|0|0|0|0|0|0|0|0|0|13
668|14|"STULAC Leo"|"PARMA"|1|2|0|0.0|0|0|0.0|0|0|0|0|0|0|0|0|0|0|0|0|0|0|0|0|10
669|14|"STURARO Stefano"|"JUVENTUS"|0|2|0|0.0|0|0|0.0|0|0|0|0|0|0|0|0|0|0|0|0|0|0|0|0|4
670|14|"SVANBERG Mattias"|"BOLOGNA"|1|2|1|5.5|0|1|5.5|0|0|0|0|0|0|0|0|0|0|0|0|0|0|0|0|7
671|14|"TESSIORE Andrea"|"SAMPDORIA"|0|2|0|0.0|0|0|0.0|0|0|0|0|0|0|0|0|0|0|0|0|0|0|0|0|1
672|14|"TRAORÉ Hamed Junior"|"EMPOLI"|1|2|1|5.5|0|1|5.5|0|0|0|0|0|0|0|0|0|0|0|0|0|0|0|0|7
673|14|"VALDIFIORI Mirko"|"SPAL"|1|2|1|5.5|0|1|6.0|0|0|0|0|0|1|0|0|0|0|0|0|0|0|0|0|6
674|14|"VALENCIA Juan Manuel"|"BOLOGNA"|1|2|0|0.0|0|0|0.0|0|0|0|0|0|0|0|0|0|0|0|0|0|0|0|0|2
675|14|"VALOTI Mattia"|"SPAL"|1|2|1|6.0|0|1|6.0|0|0|0|0|0|0|0|0|0|0|0|0|0|0|0|0|8
676|14|"VALZANIA Luca"|"ATALANTA"|1|2|0|0.0|0|0|0.0|0|0|0|0|0|0|0|0|0|0|0|0|0|0|0|0|4
677|14|"VECINO Matias"|"INTER"|1|2|0|0.0|0|0|0.0|0|0|0|0|0|0|0|0|0|0|0|0|0|0|0|0|12
678|14|"VERETOUT Jordan"|"FIORENTINA"|1|2|1|4.5|0|1|5.0|0|0|0|0|0|1|0|0|0|0|0|0|0|0|0|0|22
679|14|"VERRE Valerio"|"SAMPDORIA"|0|2|0|0.0|0|0|0.0|0|0|0|0|0|0|0|0|0|0|0|0|0|0|0|0|4
680|14|"VIGNATO Emanuel"|"CHIEVO"|1|2|0|0.0|0|0|0.0|0|0|0|0|0|0|0|0|0|0|0|0|0|0|0|0|1
681|14|"VITALE Mattia"|"SPAL"|1|2|0|0.0|0|0|0.0|0|0|0|0|0|0|0|0|0|0|0|0|0|0|0|0|2
682|14|"VIVIANI Federico"|"SPAL"|1|2|0|0.0|0|0|0.0|0|0|0|0|0|0|0|0|0|0|0|0|0|0|0|0|6
683|14|"YOUNES Amin"|"NAPOLI"|1|2|1|6.5|0|1|6.5|0|0|0|0|0|0|0|0|0|0|0|0|0|0|0|0|7
684|14|"ZAJC Miha"|"EMPOLI"|1|2|1|7.0|0|1|6.0|0|0|0|0|1|0|0|0|0|0|0|0|0|0|0|0|17
685|14|"ZANIOLO Nicolò"|"ROMA"|1|2|1|6.5|0|1|6.5|0|0|0|0|0|0|0|0|0|0|0|0|0|0|0|0|3
686|14|"ZIELINSKI Piotr"|"NAPOLI"|1|2|1|9.5|0|1|6.0|1|0|0|0|0|1|0|0|0|0|0|0|0|0|0|0|20
687|14|"ÜNDER Cengiz"|"ROMA"|1|2|1|6.0|0|1|6.0|0|0|0|0|0|0|0|0|0|0|0|0|0|0|0|0|24
688|14|"PEETERS Daouda"|"SAMPDORIA"|1|2|0|0.0|0|0|0.0|0|0|0|0|0|0|0|0|0|0|0|0|0|0|0|0|1
689|14|"NORGAARD Christian"|"FIORENTINA"|1|2|0|0.0|0|0|0.0|0|0|0|0|0|0|0|0|0|0|0|0|0|0|0|0|4
690|14|"NETO Pedro"|"LAZIO"|1|2|0|0.0|0|0|0.0|0|0|0|0|0|0|0|0|0|0|0|0|0|0|0|0|1
691|14|"JORDAO Bruno"|"LAZIO"|1|2|0|0.0|0|0|0.0|0|0|0|0|0|0|0|0|0|0|0|0|0|0|0|0|1
692|14|"JOAO MARIO -"|"INTER"|1|2|1|5.0|0|1|5.0|0|0|0|0|0|0|0|0|0|0|0|0|0|0|0|0|13
693|14|"PASALIC Mario"|"ATALANTA"|1|2|0|0.0|0|0|0.0|0|0|0|0|0|0|0|0|0|0|0|0|0|0|0|0|13
694|14|"BRADARIC Filip"|"CAGLIARI"|1|2|1|5.5|0|1|5.5|0|0|0|0|0|0|0|0|0|0|0|0|0|0|0|0|8
695|14|"CORREA Carlos Joaquin"|"LAZIO"|1|2|1|6.0|0|1|6.0|0|0|0|0|0|0|0|0|0|0|0|0|0|0|0|0|19
696|14|"BADELJ Milan"|"LAZIO"|1|2|1|5.0|0|1|5.0|0|0|0|0|0|0|0|0|0|0|0|0|0|0|0|0|9
697|14|"VIEIRA Ronaldo"|"SAMPDORIA"|1|2|0|0.0|0|0|0.0|0|0|0|0|0|0|0|0|0|0|0|0|0|0|0|0|7
698|14|"NIKOLIC Lazar"|"SPAL"|1|2|0|0.0|0|0|0.0|0|0|0|0|0|0|0|0|0|0|0|0|0|0|0|0|1
699|14|"ROLON Esteban"|"GENOA"|1|2|1|6.0|0|1|6.0|0|0|0|0|0|0|0|0|0|0|0|0|0|0|0|0|4
700|14|"FURLAN Federico"|"SAMPDORIA"|0|2|0|0.0|0|0|0.0|0|0|0|0|0|0|0|0|0|0|0|0|0|0|0|0|5
701|14|"FERNANDES Edimilson"|"FIORENTINA"|1|2|1|6.0|0|1|6.5|0|0|0|0|0|1|0|0|0|0|0|0|0|0|0|0|7
702|14|"EKDAL Albin"|"SAMPDORIA"|1|2|1|6.5|0|1|6.5|0|0|0|0|0|0|0|0|0|0|0|0|0|0|0|0|10
703|14|"CARRIERO Giuseppe"|"PARMA"|1|2|0|0.0|0|0|0.0|0|0|0|0|0|0|0|0|0|0|0|0|0|0|0|0|1
704|14|"N'ZONZI Steven"|"ROMA"|1|2|1|5.0|0|1|5.0|0|0|0|0|0|0|0|0|0|0|0|0|0|0|0|0|13
705|14|"VLOET Rai"|"FROSINONE"|1|2|0|0.0|0|0|0.0|0|0|0|0|0|0|0|0|0|0|0|0|0|0|0|0|7
706|14|"BAKAYOKO Tiemoué"|"MILAN"|1|2|1|6.0|0|1|6.0|0|0|0|0|0|0|0|0|0|0|0|0|0|0|0|0|11
707|14|"CASTILLEJO Samu"|"MILAN"|1|2|1|6.5|0|1|6.5|0|0|0|0|0|0|0|0|0|0|0|0|0|0|0|0|16
708|14|"BURRUCHAGA Mauro"|"CHIEVO"|1|2|0|0.0|0|0|0.0|0|0|0|0|0|0|0|0|0|0|0|0|0|0|0|0|1
709|14|"ESPOSITO Salvatore"|"SPAL"|1|2|0|0.0|0|0|0.0|0|0|0|0|0|0|0|0|0|0|0|0|0|0|0|0|1
710|14|"RIGONI Emiliano"|"ATALANTA"|1|2|1|5.5|0|1|5.5|0|0|0|0|0|0|0|0|0|0|0|0|0|0|0|0|16
711|14|"COLPANI Andrea"|"ATALANTA"|1|2|0|0.0|0|0|0.0|0|0|0|0|0|0|0|0|0|0|0|0|0|0|0|0|1
712|14|"SORIANO Roberto"|"TORINO"|1|2|0|0.0|0|0|0.0|0|0|0|0|0|0|0|0|0|0|0|0|0|0|0|0|13
713|14|"UCAN Salih"|"EMPOLI"|1|2|0|0.0|0|0|0.0|0|0|0|0|0|0|0|0|0|0|0|0|0|0|0|0|7
714|14|"MUNARI Gianni"|"PARMA"|1|2|0|0.0|0|0|0.0|0|0|0|0|0|0|0|0|0|0|0|0|0|0|0|0|4
715|14|"MONTIEL Cristobal"|"FIORENTINA"|1|2|0|0.0|0|0|0.0|0|0|0|0|0|0|0|0|0|0|0|0|0|0|0|0|1
716|14|"ARAMU Mattia"|"TORINO"|0|2|0|0.0|0|0|0.0|0|0|0|0|0|0|0|0|0|0|0|0|0|0|0|0|3
717|14|"ERRICO Andrea"|"FROSINONE"|1|2|0|0.0|0|0|0.0|0|0|0|0|0|0|0|0|0|0|0|0|0|0|0|0|1
718|14|"VELOSO Miguel"|"GENOA"|1|2|1|5.5|0|1|6.0|0|0|0|0|0|1|0|0|0|0|0|0|0|0|0|0|7
800|14|"ANDRÉ SILVA Miguel Valente"|"MILAN"|0|3|0|0.0|0|0|0.0|0|0|0|0|0|0|0|0|0|0|0|0|0|0|0|0|15
801|14|"ANTENUCCI Mirco"|"SPAL"|1|3|1|6.0|0|1|6.0|0|0|0|0|0|0|0|0|0|0|0|0|0|0|0|0|18
802|14|"ASENCIO Raúl"|"GENOA"|0|3|0|0.0|0|0|0.0|0|0|0|0|0|0|0|0|0|0|0|0|0|0|0|0|7
803|14|"AVENATTI Felipe"|"BOLOGNA"|0|3|0|0.0|0|0|0.0|0|0|0|0|0|0|0|0|0|0|0|0|0|0|0|0|5
804|14|"BABACAR Khouma El"|"SASSUOLO"|1|3|1|9.0|0|1|6.0|1|0|0|0|0|0|0|0|0|0|0|0|0|0|0|0|20
805|14|"BACCA Carlos"|"MILAN"|0|3|0|0.0|0|0|0.0|0|0|0|0|0|0|0|0|0|0|0|0|0|0|0|0|16
806|14|"BAEZ Jaime"|"FIORENTINA"|0|3|0|0.0|0|0|0.0|0|0|0|0|0|0|0|0|0|0|0|0|0|0|0|0|3
807|14|"BARAYE Yves"|"PARMA"|1|3|0|0.0|0|0|0.0|0|0|0|0|0|0|0|0|0|0|0|0|0|0|0|0|4
808|14|"BARROW Musa"|"ATALANTA"|1|3|1|5.5|0|1|5.5|0|0|0|0|0|0|0|0|0|0|0|0|0|0|0|0|11
809|14|"BELOTTI Andrea"|"TORINO"|1|3|1|6.0|0|1|6.0|0|0|0|0|0|0|0|0|0|0|0|0|0|0|0|0|28
810|14|"BERARDI Domenico"|"SASSUOLO"|1|3|1|7.0|0|1|6.5|0|0|0|0|1|1|0|0|0|0|0|0|0|0|0|0|18
811|14|"BUTIC Karlo"|"TORINO"|0|3|0|0.0|0|0|0.0|0|0|0|0|0|0|0|0|0|0|0|0|0|0|0|0|3
812|14|"CAICEDO Felipe"|"LAZIO"|1|3|1|4.5|0|1|5.0|0|0|0|0|0|1|0|0|0|0|0|0|0|0|0|0|11
813|14|"CALAIÒ Emanuele"|"PARMA"|1|3|0|0.0|0|0|0.0|0|0|0|0|0|0|0|0|0|0|0|0|0|0|0|0|6
814|14|"CALLEJON Jose Maria"|"NAPOLI"|1|3|0|0.0|0|0|0.0|0|0|0|0|0|0|0|0|0|0|0|0|0|0|0|0|24
815|14|"CAPRARI Gianluca"|"SAMPDORIA"|1|3|1|5.5|0|1|5.5|0|0|0|0|0|0|0|0|0|0|0|0|0|0|0|0|13
816|14|"CAPUTO Francesco"|"EMPOLI"|1|3|1|10.0|0|1|7.0|1|0|0|0|0|0|0|0|0|0|0|0|0|0|0|0|25
817|14|"CERAVOLO Fabio"|"PARMA"|1|3|0|0.0|0|0|0.0|0|0|0|0|0|0|0|0|0|0|0|0|0|0|0|0|12
818|14|"CERRI Alberto"|"CAGLIARI"|1|3|1|6.0|0|1|6.0|0|0|0|0|0|0|0|0|0|0|0|0|0|0|0|0|11
819|14|"CIANO Camillo"|"FROSINONE"|1|3|1|5.5|0|1|5.5|0|0|0|0|0|0|0|0|0|0|0|0|0|0|0|0|17
820|14|"CICIRETTI Amato"|"PARMA"|1|3|0|0.0|0|0|0.0|0|0|0|0|0|0|0|0|0|0|0|0|0|0|0|0|8
821|14|"CIOFANI Daniel"|"FROSINONE"|1|3|0|0.0|0|0|0.0|0|0|0|0|0|0|0|0|0|0|0|0|0|0|0|0|14
822|14|"CITRO Nicola"|"FROSINONE"|0|3|0|0.0|0|0|0.0|0|0|0|0|0|0|0|0|0|0|0|0|0|0|0|0|7
823|14|"COLIDIO Facundo"|"INTER"|1|3|0|0.0|0|0|0.0|0|0|0|0|0|0|0|0|0|0|0|0|0|0|0|0|1
824|14|"CORNELIUS Andreas"|"ATALANTA"|0|3|0|0.0|0|0|0.0|0|0|0|0|0|0|0|0|0|0|0|0|0|0|0|0|8
825|14|"CUTRONE Patrick"|"MILAN"|1|3|1|5.0|0|1|5.0|0|0|0|0|0|0|0|0|0|0|0|0|0|0|0|0|24
826|14|"DA CRUZ Alessio"|"PARMA"|1|3|0|0.0|0|0|0.0|0|0|0|0|0|0|0|0|0|0|0|0|0|0|0|0|5
827|14|"DAMASCAN Vitalie"|"TORINO"|1|3|0|0.0|0|0|0.0|0|0|0|0|0|0|0|0|0|0|0|0|0|0|0|0|4
828|14|"DEFREL Gregoire"|"SAMPDORIA"|1|3|0|0.0|0|0|0.0|0|0|0|0|0|0|0|0|0|0|0|0|0|0|0|0|19
829|14|"DESTRO Mattia"|"BOLOGNA"|1|3|0|0.0|0|0|0.0|0|0|0|0|0|0|0|0|0|0|0|0|0|0|0|0|11
830|14|"DI FRANCESCO Federico"|"SASSUOLO"|1|3|1|6.0|0|1|6.0|0|0|0|0|0|0|0|0|0|0|0|0|0|0|0|0|15
831|14|"DI GAUDIO Antonio"|"PARMA"|1|3|1|5.5|0|1|5.5|0|0|0|0|0|0|0|0|0|0|0|0|0|0|0|0|10
832|14|"DIONISI Federico"|"FROSINONE"|1|3|0|0.0|0|0|0.0|0|0|0|0|0|0|0|0|0|0|0|0|0|0|0|0|7
833|14|"DJORDJEVIC Filip"|"CHIEVO"|1|3|0|0.0|0|0|0.0|0|0|0|0|0|0|0|0|0|0|0|0|0|0|0|0|11
834|14|"DYBALA Paulo"|"JUVENTUS"|1|3|1|5.5|0|1|5.5|0|0|0|0|0|0|0|0|0|0|0|0|0|0|0|0|31
835|14|"DZEKO Edin"|"ROMA"|1|3|0|0.0|0|0|0.0|0|0|0|0|0|0|0|0|0|0|0|0|0|0|0|0|26
836|14|"EDERA Simone"|"TORINO"|1|3|0|0.0|0|0|0.0|0|0|0|0|0|0|0|0|0|0|0|0|0|0|0|0|6
837|14|"EL SHAARAWY Stephan"|"ROMA"|1|3|0|0.0|0|0|0.0|0|0|0|0|0|0|0|0|0|0|0|0|0|0|0|0|25
838|14|"EWANDRO Felipe De Lima Costa"|"UDINESE"|0|3|0|0.0|0|0|0.0|0|0|0|0|0|0|0|0|0|0|0|0|0|0|0|0|4
839|14|"FALCINELLI Diego"|"BOLOGNA"|1|3|0|0.0|0|0|0.0|0|0|0|0|0|0|0|0|0|0|0|0|0|0|0|0|11
840|14|"FALLETTI Cesar"|"BOLOGNA"|0|3|0|0.0|0|0|0.0|0|0|0|0|0|0|0|0|0|0|0|0|0|0|0|0|8
841|14|"FANTACCI Tommaso"|"EMPOLI"|0|3|0|0.0|0|0|0.0|0|0|0|0|0|0|0|0|0|0|0|0|0|0|0|0|1
842|14|"FARIAS Diego"|"CAGLIARI"|1|3|1|6.0|0|1|6.0|0|0|0|0|0|0|0|0|0|0|0|0|0|0|0|0|12
843|14|"FAVILLI Andrea"|"GENOA"|1|3|0|0.0|0|0|0.0|0|0|0|0|0|0|0|0|0|0|0|0|0|0|0|0|5
844|14|"FINOTTO Mattia"|"SPAL"|0|3|0|0.0|0|0|0.0|0|0|0|0|0|0|0|0|0|0|0|0|0|0|0|0|5
845|14|"FLOCCARI Sergio"|"SPAL"|1|3|1|5.0|0|1|5.5|0|0|0|0|0|1|0|0|0|0|0|0|0|0|0|0|6
846|14|"GALABINOV Andrej"|"GENOA"|0|3|0|0.0|0|0|0.0|0|0|0|0|0|0|0|0|0|0|0|0|0|0|0|0|8
847|14|"GALUPPINI Francesco"|"PARMA"|0|3|0|0.0|0|0|0.0|0|0|0|0|0|0|0|0|0|0|0|0|0|0|0|0|1
848|14|"GIANNETTI Niccolò"|"CAGLIARI"|0|3|0|0.0|0|0|0.0|0|0|0|0|0|0|0|0|0|0|0|0|0|0|0|0|5
849|14|"GOMEZ Alejandro"|"ATALANTA"|1|3|1|5.5|0|1|5.5|0|0|0|0|0|0|0|0|0|0|0|0|0|0|0|0|25
850|14|"GRAICIAR Martin"|"FIORENTINA"|1|3|0|0.0|0|0|0.0|0|0|0|0|0|0|0|0|0|0|0|0|0|0|0|0|4
851|14|"HAN Kwang Song"|"CAGLIARI"|0|3|0|0.0|0|0|0.0|0|0|0|0|0|0|0|0|0|0|0|0|0|0|0|0|11
852|14|"HIGUAIN Gonzalo"|"MILAN"|1|3|1|5.0|0|1|5.0|0|0|0|0|0|0|0|0|0|0|0|0|0|0|0|0|31
853|14|"IAGO Falque"|"TORINO"|1|3|1|5.5|0|1|5.5|0|0|0|0|0|0|0|0|0|0|0|0|0|0|0|0|27
854|14|"ICARDI Mauro"|"INTER"|1|3|1|6.5|0|1|6.5|0|0|0|0|0|0|0|0|0|0|0|0|0|0|0|0|42
855|14|"ILICIC Josip"|"ATALANTA"|1|3|0|0.0|0|0|0.0|0|0|0|0|0|0|0|0|0|0|0|0|0|0|0|0|26
856|14|"IMMOBILE Ciro"|"LAZIO"|1|3|1|9.0|0|1|6.5|1|0|0|0|0|1|0|0|0|0|0|0|0|0|0|0|41
857|14|"INGLESE Roberto"|"PARMA"|1|3|1|5.5|0|1|5.5|0|0|0|0|0|0|0|0|0|0|0|0|0|0|0|0|20
858|14|"INSIGNE Roberto"|"NAPOLI"|0|3|0|0.0|0|0|0.0|0|0|0|0|0|0|0|0|0|0|0|0|0|0|0|0|5
859|14|"INSIGNE Lorenzo"|"NAPOLI"|1|3|1|7.5|0|1|6.5|0|0|0|0|1|0|0|0|0|0|0|0|0|0|0|0|35
860|14|"JAKUPOVIC Arnel"|"EMPOLI"|1|3|0|0.0|0|0|0.0|0|0|0|0|0|0|0|0|0|0|0|0|0|0|0|0|2
861|14|"KALINIC Nikola"|"MILAN"|0|3|0|0.0|0|0|0.0|0|0|0|0|0|0|0|0|0|0|0|0|0|0|0|0|13
862|14|"KARAMOH Yann"|"INTER"|0|3|0|0.0|0|0|0.0|0|0|0|0|0|0|0|0|0|0|0|0|0|0|0|0|12
863|14|"KLUIVERT Justin"|"ROMA"|1|3|1|6.5|0|1|5.5|0|0|0|0|1|0|0|0|0|0|0|0|0|0|0|0|18
864|14|"KOUAMÉ Christian"|"GENOA"|1|3|1|6.5|0|1|6.5|0|0|0|0|0|0|0|0|0|0|0|0|0|0|0|0|20
865|14|"KOWNACKI Dawid"|"SAMPDORIA"|1|3|1|7.0|0|1|6.0|0|0|0|0|1|0|0|0|0|0|0|0|0|0|0|0|12
866|14|"LA GUMINA Antonino"|"EMPOLI"|1|3|1|10.5|0|1|6.5|1|0|0|0|1|0|0|0|0|0|0|0|0|0|0|0|15
867|14|"LAPADULA Gianluca"|"GENOA"|1|3|0|0.0|0|0|0.0|0|0|0|0|0|0|0|0|0|0|0|0|0|0|0|0|10
868|14|"LASAGNA Kevin"|"UDINESE"|1|3|1|9.0|0|1|6.0|1|0|0|0|0|0|0|0|0|0|0|0|0|0|0|0|21
869|14|"LERIS Mehdi"|"CHIEVO"|1|3|0|0.0|0|0|0.0|0|0|0|0|0|0|0|0|0|0|0|0|0|0|0|0|4
870|14|"LOMBARDI Cristiano"|"LAZIO"|1|3|0|0.0|0|0|0.0|0|0|0|0|0|0|0|0|0|0|0|0|0|0|0|0|3
871|14|"LUIS ALBERTO Romero Alconchel"|"LAZIO"|1|3|1|6.0|0|1|6.0|0|0|0|0|0|0|0|0|0|0|0|0|0|0|0|0|23
872|14|"MACHIS Darwin"|"UDINESE"|1|3|0|0.0|0|0|0.0|0|0|0|0|0|0|0|0|0|0|0|0|0|0|0|0|7
873|14|"MALLÉ Aly"|"UDINESE"|1|3|0|0.0|0|0|0.0|0|0|0|0|0|0|0|0|0|0|0|0|0|0|0|0|2
874|14|"MANDZUKIC Mario"|"JUVENTUS"|1|3|1|9.5|0|1|6.5|1|0|0|0|0|0|0|0|0|0|0|0|0|0|0|0|27
875|14|"MARTINEZ Lautaro"|"INTER"|1|3|0|0.0|0|0|0.0|0|0|0|0|0|0|0|0|0|0|0|0|0|0|0|0|24
876|14|"MATARESE Luca"|"FROSINONE"|1|3|0|0.0|0|0|0.0|0|0|0|0|0|0|0|0|0|0|0|0|0|0|0|0|2
877|14|"MATRI Alessandro"|"SASSUOLO"|1|3|0|0.0|0|0|0.0|0|0|0|0|0|1|0|0|0|0|0|0|0|0|0|0|10
878|14|"MCHEDLIDZE Levan"|"EMPOLI"|1|3|0|0.0|0|0|0.0|0|0|0|0|0|0|0|0|0|0|0|0|0|0|0|0|5
879|14|"MEDEIROS Iuri"|"GENOA"|1|3|0|0.0|0|0|0.0|0|0|0|0|0|0|0|0|0|0|0|0|0|0|0|0|10
880|14|"MEGGIORINI Riccardo"|"CHIEVO"|1|3|1|6.0|0|1|6.0|0|0|0|0|0|0|0|0|0|0|0|0|0|0|0|0|9
881|14|"MERTENS Dries"|"NAPOLI"|1|3|0|0.0|0|0|0.0|0|0|0|0|0|0|0|0|0|0|0|0|0|0|0|0|38
882|14|"MICIN Petar"|"UDINESE"|1|3|0|0.0|0|0|0.0|0|0|0|0|0|0|0|0|0|0|0|0|0|0|0|0|4
883|14|"MILIK Arkadiusz"|"NAPOLI"|1|3|1|13.0|0|1|7.0|2|0|0|0|0|0|0|0|0|0|0|0|0|0|0|0|31
884|14|"MRAZ Samuel"|"EMPOLI"|1|3|0|0.0|0|0|0.0|0|0|0|0|0|0|0|0|0|0|0|0|0|0|0|0|8
885|14|"MURANO Jacopo"|"SPAL"|0|3|0|0.0|0|0|0.0|0|0|0|0|0|0|0|0|0|0|0|0|0|0|0|0|2
886|14|"NIANG M'Baye"|"TORINO"|0|3|0|0.0|0|0|0.0|0|0|0|0|0|0|0|0|0|0|0|0|0|0|0|0|13
887|14|"ODGAARD Jens"|"SASSUOLO"|1|3|0|0.0|0|0|0.0|0|0|0|0|0|0|0|0|0|0|0|0|0|0|0|0|1
888|14|"OKWONKWO Orji"|"BOLOGNA"|1|3|0|0.0|0|0|0.0|0|0|0|0|0|0|0|0|0|0|0|0|0|0|0|0|7
889|14|"ORSOLINI Riccardo"|"BOLOGNA"|1|3|1|6.0|0|1|6.0|0|0|0|0|0|0|0|0|0|0|0|0|0|0|0|0|15
890|14|"OUNAS Adam"|"NAPOLI"|1|3|1|10.0|0|1|7.0|1|0|0|0|0|0|0|0|0|0|0|0|0|0|0|0|12
891|14|"PALACIO Rodrigo"|"BOLOGNA"|1|3|1|8.0|0|1|7.0|0|0|0|0|1|0|0|0|0|0|0|0|0|0|0|0|14
892|14|"PALOSCHI Alberto"|"SPAL"|1|3|0|0.0|0|0|0.0|0|0|0|0|0|0|0|0|0|0|0|0|0|0|0|0|15
893|14|"PANDEV Goran"|"GENOA"|1|3|0|0.0|0|0|0.0|0|0|0|0|0|0|0|0|0|0|0|0|0|0|0|0|16
894|14|"PAVOLETTI Leonardo"|"CAGLIARI"|1|3|0|0.0|0|0|0.0|0|0|0|0|0|0|0|0|0|0|0|0|0|0|0|0|26
895|14|"PELLISSIER Sergio"|"CHIEVO"|1|3|1|6.5|0|1|5.5|0|0|0|0|1|0|0|0|0|0|0|0|0|0|0|0|11
896|14|"PERICA Stipe"|"FROSINONE"|1|3|0|0.0|0|0|0.0|0|0|0|0|0|0|0|0|0|0|0|0|0|0|0|0|7
897|14|"PETAGNA Andrea"|"SPAL"|1|3|1|9.0|0|1|6.5|1|0|0|0|0|1|0|0|0|0|0|0|0|0|0|0|17
898|14|"PETKOVIC Bruno"|"BOLOGNA"|0|3|0|0.0|0|0|0.0|0|0|0|0|0|0|0|0|0|0|0|0|0|0|0|0|7
899|14|"PIATEK Krzysztof"|"GENOA"|1|3|1|10.0|0|1|7.0|1|0|0|0|0|0|0|0|0|0|0|0|0|0|0|0|27
900|14|"PJACA Marko"|"FIORENTINA"|1|3|1|4.0|0|1|4.0|0|0|0|0|0|0|0|0|0|0|0|0|0|0|0|0|12
901|14|"POLITANO Matteo"|"INTER"|1|3|1|6.0|0|1|6.0|0|0|0|0|0|0|0|0|0|0|0|0|0|0|0|0|22
902|14|"PUCCIARELLI Manuel"|"CHIEVO"|1|3|0|0.0|0|0|0.0|0|0|0|0|0|0|0|0|0|0|0|0|0|0|0|0|6
903|14|"PUSSETTO Ignacio"|"UDINESE"|1|3|1|5.5|0|1|5.5|0|0|0|0|0|0|0|0|0|0|0|0|0|0|0|0|15
904|14|"QUAGLIARELLA Fabio"|"SAMPDORIA"|1|3|1|9.5|0|1|6.5|1|0|0|0|0|0|0|0|0|0|0|0|0|0|0|0|34
905|14|"RODRIGUEZ Alejandro"|"EMPOLI"|1|3|0|0.0|0|0|0.0|0|0|0|0|0|0|0|0|0|0|0|0|0|0|0|0|4
906|14|"RONALDO Cristiano"|"JUVENTUS"|1|3|1|6.0|0|1|6.0|0|0|0|0|0|0|0|0|0|0|0|0|0|0|0|0|58
907|14|"SALCEDO Eddie Mora"|"INTER"|1|3|0|0.0|0|0|0.0|0|0|0|0|0|0|0|0|0|0|0|0|0|0|0|0|1
908|14|"SANTANDER Federico"|"BOLOGNA"|1|3|1|5.5|0|1|5.5|0|0|0|0|0|0|0|0|0|0|0|0|0|0|0|0|19
909|14|"SAU Marco"|"CAGLIARI"|1|3|1|9.0|0|1|6.5|1|0|0|0|0|1|0|0|0|0|0|0|0|0|0|0|12
910|14|"SCAMACCA Gianluca"|"SASSUOLO"|0|3|0|0.0|0|0|0.0|0|0|0|0|0|0|0|0|0|0|0|0|0|0|0|0|3
911|14|"SCHICK Patrik"|"ROMA"|1|3|1|5.0|0|1|5.0|0|0|0|0|0|0|0|0|0|0|0|0|0|0|0|0|15
912|14|"SILIGARDI Luca"|"PARMA"|1|3|1|6.5|0|1|6.5|0|0|0|0|0|0|0|0|0|0|0|0|0|0|0|0|9
913|14|"SIMEONE Giovanni"|"FIORENTINA"|1|3|1|9.0|0|1|6.0|1|0|0|0|0|0|0|0|0|0|0|0|0|0|0|0|20
914|14|"SOTTIL Riccardo"|"FIORENTINA"|1|3|0|0.0|0|0|0.0|0|0|0|0|0|0|0|0|0|0|0|0|0|0|0|0|1
915|14|"SPINELLI Claudio"|"GENOA"|0|3|0|0.0|0|0|0.0|0|0|0|0|0|0|0|0|0|0|0|0|0|0|0|0|10
916|14|"SPROCATI Mattia"|"PARMA"|1|3|1|6.0|0|1|6.0|0|0|0|0|0|0|0|0|0|0|0|0|0|0|0|0|4
917|14|"STEPINSKI Mariusz"|"CHIEVO"|1|3|1|9.5|0|1|6.5|1|0|0|0|0|0|0|0|0|0|0|0|0|0|0|0|15
918|14|"SUSO Jesus Fernandez Saez"|"MILAN"|1|3|1|5.5|0|1|5.5|0|0|0|0|0|0|0|0|0|0|0|0|0|0|0|0|28
919|14|"THEREAU Cyril"|"FIORENTINA"|1|3|0|0.0|0|0|0.0|0|0|0|0|0|0|0|0|0|0|0|0|0|0|0|0|10
920|14|"TROTTA Marcello"|"SASSUOLO"|1|3|0|0.0|0|0|0.0|0|0|0|0|0|0|0|0|0|0|0|0|0|0|0|0|7
921|14|"TUMMINELLO Marco"|"ATALANTA"|1|3|0|0.0|0|0|0.0|0|0|0|0|0|0|0|0|0|0|0|0|0|0|0|0|4
922|14|"VERDE Daniele"|"ROMA"|0|3|0|0.0|0|0|0.0|0|0|0|0|0|0|0|0|0|0|0|0|0|0|0|0|8
923|14|"VERDI Simone"|"NAPOLI"|1|3|0|0.0|0|0|0.0|0|0|0|0|0|0|0|0|0|0|0|0|0|0|0|0|18
924|14|"VINICIUS Morais"|"NAPOLI"|0|3|0|0.0|0|0|0.0|0|0|0|0|0|0|0|0|0|0|0|0|0|0|0|0|3
925|14|"VIZEU Felipe"|"UDINESE"|1|3|1|5.5|0|1|5.5|0|0|0|0|0|0|0|0|0|0|0|0|0|0|0|0|9
926|14|"VLAHOVIC Dusan"|"FIORENTINA"|1|3|1|5.0|0|1|5.0|0|0|0|0|0|0|0|0|0|0|0|0|0|0|0|0|2
927|14|"ZANIMACCHIA Luca"|"GENOA"|0|3|0|0.0|0|0|0.0|0|0|0|0|0|0|0|0|0|0|0|0|0|0|0|0|1
928|14|"ZAPATA Duvan"|"ATALANTA"|1|3|1|17.0|0|1|8.0|3|0|0|0|0|0|0|0|0|0|0|0|0|0|0|0|27
929|14|"ZEKHNINI Rafik"|"FIORENTINA"|0|3|0|0.0|0|0|0.0|0|0|0|0|0|0|0|0|0|0|0|0|0|0|0|0|2
930|14|"BOGA Jeremie"|"SASSUOLO"|1|3|0|0.0|0|0|0.0|0|0|0|0|0|0|0|0|0|0|0|0|0|0|0|0|10
931|14|"ROSSI Alessandro"|"LAZIO"|1|3|0|0.0|0|0|0.0|0|0|0|0|0|0|0|0|0|0|0|0|0|0|0|0|4
932|14|"MONCINI Gabriele"|"SPAL"|1|3|0|0.0|0|0|0.0|0|0|0|0|0|0|0|0|0|0|0|0|0|0|0|0|5
933|14|"KEAN Moise"|"JUVENTUS"|1|3|0|0.0|0|0|0.0|0|0|0|0|0|0|0|0|0|0|0|0|0|0|0|0|5
934|14|"PINAMONTI Andrea"|"FROSINONE"|1|3|1|5.5|0|1|5.5|0|0|0|0|0|0|0|0|0|0|0|0|0|0|0|0|8
935|14|"BRIGNOLA Enrico"|"SASSUOLO"|1|3|0|0.0|0|0|0.0|0|0|0|0|0|0|0|0|0|0|0|0|0|0|0|0|8
936|14|"GALANO Cristian"|"PARMA"|0|3|0|0.0|0|0|0.0|0|0|0|0|0|0|0|0|0|0|0|0|0|0|0|0|12
937|14|"BIABIANY Jonathan"|"PARMA"|1|2|1|4.5|0|1|5.0|0|0|0|0|0|1|0|0|0|0|0|0|0|0|0|0|9
938|14|"DALMONTE Nicola"|"GENOA"|1|3|0|0.0|0|0|0.0|0|0|0|0|0|0|0|0|0|0|0|0|0|0|0|0|4
939|14|"MIRALLAS Kevin"|"FIORENTINA"|1|3|1|9.5|0|1|6.5|1|0|0|0|0|0|0|0|0|0|0|0|0|0|0|0|15
940|14|"KEITA Balde Diao"|"INTER"|1|3|1|5.5|0|1|5.5|0|0|0|0|0|0|0|0|0|0|0|0|0|0|0|0|23
941|14|"CAMPBELL Joel"|"FROSINONE"|1|3|1|4.5|0|1|5.0|0|0|0|0|0|1|0|0|0|0|0|0|0|0|0|0|10
942|14|"GERVINHO "|"PARMA"|1|3|0|0.0|0|0|0.0|0|0|0|0|0|0|0|0|0|0|0|0|0|0|0|0|23
943|14|"ZAZA Simone"|"TORINO"|1|3|1|5.5|0|1|5.5|0|0|0|0|0|0|0|0|0|0|0|0|0|0|0|0|16
944|14|"TEODORCZYK Lukasz"|"UDINESE"|1|3|0|0.0|0|0|0.0|0|0|0|0|0|0|0|0|0|0|0|0|0|0|0|0|14
945|14|"ARDAIZ Joaquin"|"FROSINONE"|1|3|0|0.0|0|0|0.0|0|0|0|0|0|0|0|0|0|0|0|0|0|0|0|0|4
946|14|"GRUBAC Sergej"|"CHIEVO"|1|3|0|0.0|0|0|0.0|0|0|0|0|0|0|0|0|0|0|0|0|0|0|0|0|1
947|14|"JUWARA Musa"|"CHIEVO"|1|3|0|0.0|0|0|0.0|0|0|0|0|0|0|0|0|0|0|0|0|0|0|0|0|1
948|14|"MASTAJ Davide"|"PARMA"|0|3|0|0.0|0|0|0.0|0|0|0|0|0|0|0|0|0|0|0|0|0|0|0|0|1
