100|5|"ARESTI Simone"|"CAGLIARI"|1|0|0|0.0|0|0|0.0|0|0|0|0|0|0|0|0|0|0|0|0|0|0|0|0|1
101|5|"AUDERO Emil"|"SAMPDORIA"|1|0|1|5.0|0|1|6.0|0|1|0|0|0|0|0|0|0|0|0|0|0|0|0|0|15
102|5|"BARDI Francesco"|"FROSINONE"|1|0|0|0.0|0|0|0.0|0|0|0|0|0|0|0|0|0|0|0|0|0|0|0|0|1
103|5|"BELEC Vid"|"SAMPDORIA"|1|0|0|0.0|0|0|0.0|0|0|0|0|0|0|0|0|0|0|0|0|0|0|0|0|1
104|5|"BERISHA Etrit"|"ATALANTA"|1|0|0|0.0|0|0|0.0|0|0|0|0|0|0|0|0|0|0|0|0|0|0|0|0|12
105|5|"BERNI Tommaso"|"INTER"|1|0|0|0.0|0|0|0.0|0|0|0|0|0|0|0|0|0|0|0|0|0|0|0|0|1
106|5|"CONSIGLI Andrea"|"SASSUOLO"|1|0|1|5.5|0|1|6.5|0|1|0|0|0|0|0|0|0|0|0|0|0|0|0|0|13
107|5|"CONTINI Nikita"|"NAPOLI"|0|0|0|0.0|0|0|0.0|0|0|0|0|0|0|0|0|0|0|0|0|0|0|0|0|1
108|5|"CRAGNO Alessio"|"CAGLIARI"|1|0|1|3.5|0|1|5.5|0|2|0|0|0|0|0|0|0|0|0|0|0|0|0|0|12
109|5|"DA COSTA Angelo"|"BOLOGNA"|1|0|0|0.0|0|0|0.0|0|0|0|0|0|0|0|0|0|0|0|0|0|0|0|0|1
110|5|"DAGA Riccardo"|"CAGLIARI"|1|0|0|0.0|0|0|0.0|0|0|0|0|0|0|0|0|0|0|0|0|0|0|0|0|1
111|5|"DINI Andrea"|"PARMA"|0|0|0|0.0|0|0|0.0|0|0|0|0|0|0|0|0|0|0|0|0|0|0|0|0|1
112|5|"DONNARUMMA Gianluigi"|"MILAN"|1|0|1|4.0|0|1|6.0|0|2|0|0|0|0|0|0|0|0|0|0|0|0|0|0|12
113|5|"DONNARUMMA Antonio"|"MILAN"|1|0|0|0.0|0|0|0.0|0|0|0|0|0|0|0|0|0|0|0|0|0|0|0|0|1
114|5|"DRAGOWSKI Bartlomiej"|"FIORENTINA"|1|0|0|0.0|0|0|0.0|0|0|0|0|0|0|0|0|0|0|0|0|0|0|0|0|3
115|5|"FALCONE Wladimiro"|"SAMPDORIA"|0|0|0|0.0|0|0|0.0|0|0|0|0|0|0|0|0|0|0|0|0|0|0|0|0|1
116|5|"FRATTALI Pierluigi"|"PARMA"|1|0|0|0.0|0|0|0.0|0|0|0|0|0|0|0|0|0|0|0|0|0|0|0|0|1
117|5|"FUZATO Daniel"|"ROMA"|1|0|0|0.0|0|0|0.0|0|0|0|0|0|0|0|0|0|0|0|0|0|0|0|0|1
118|5|"GASPARINI Manuel"|"UDINESE"|1|0|0|0.0|0|0|0.0|0|0|0|0|0|0|0|0|0|0|0|0|0|0|0|0|1
119|5|"GIACOMEL Alessandro"|"EMPOLI"|0|0|0|0.0|0|0|0.0|0|0|0|0|0|0|0|0|0|0|0|0|0|0|0|0|1
120|5|"GOLLINI Pierluigi"|"ATALANTA"|1|0|1|4.0|0|1|6.0|0|2|0|0|0|0|0|0|0|0|0|0|0|0|0|0|4
121|5|"GOMIS Alfred"|"SPAL"|1|0|1|1.0|0|1|4.0|0|3|0|0|0|0|0|0|0|0|0|0|0|0|0|0|6
122|5|"GUERRIERI Guido"|"LAZIO"|1|0|0|0.0|0|0|0.0|0|0|0|0|0|0|0|0|0|0|0|0|0|0|0|0|1
123|5|"HANDANOVIC Samir"|"INTER"|1|0|1|6.0|0|1|6.0|0|0|0|0|0|0|0|0|0|0|0|0|0|0|0|0|17
124|5|"ICHAZO Salvador"|"TORINO"|1|0|0|0.0|0|0|0.0|0|0|0|0|0|0|0|0|0|0|0|0|0|0|0|0|1
125|5|"KARNEZIS Orestis"|"NAPOLI"|1|0|0|0.0|0|0|0.0|0|0|0|0|0|0|0|0|0|0|0|0|0|0|0|0|5
126|5|"LAFONT Alban"|"FIORENTINA"|1|0|1|6.0|0|1|6.0|0|0|0|0|0|0|0|0|0|0|0|0|0|0|0|0|13
127|5|"MARCHETTI Federico"|"GENOA"|1|0|1|1.5|0|1|5.5|0|4|0|0|0|0|0|0|0|0|0|0|0|0|0|0|9
128|5|"MERET Alex"|"NAPOLI"|1|0|0|0.0|0|0|0.0|0|0|0|0|0|0|0|0|0|0|0|0|0|0|0|0|11
129|5|"MILINKOVIC Vanja"|"SPAL"|1|0|0|0.0|0|0|0.0|0|0|0|0|0|0|0|0|0|0|0|0|0|0|0|0|8
130|5|"MIRANTE Antonio"|"ROMA"|1|0|0|0.0|0|0|0.0|0|0|0|0|0|0|0|0|0|0|0|0|0|0|0|0|1
131|5|"MUSSO Juan"|"UDINESE"|1|0|0|0.0|0|0|0.0|0|0|0|0|0|0|0|0|0|0|0|0|0|0|0|0|8
132|5|"PADELLI Daniele"|"INTER"|1|0|0|0.0|0|0|0.0|0|0|0|0|0|0|0|0|0|0|0|0|0|0|0|0|1
133|5|"PAVONI Filippo"|"CHIEVO"|0|0|0|0.0|0|0|0.0|0|0|0|0|0|0|0|0|0|0|0|0|0|0|0|0|1
134|5|"PEGOLO Gianluca"|"SASSUOLO"|1|0|0|0.0|0|0|0.0|0|0|0|0|0|0|0|0|0|0|0|0|0|0|0|0|1
135|5|"PERIN Mattia"|"JUVENTUS"|1|0|0|0.0|0|0|0.0|0|0|0|0|0|0|0|0|0|0|0|0|0|0|0|0|2
136|5|"PINSOGLIO Carlo"|"JUVENTUS"|1|0|0|0.0|0|0|0.0|0|0|0|0|0|0|0|0|0|0|0|0|0|0|0|0|1
137|5|"PLIZZARI Alessandro"|"MILAN"|1|0|0|0.0|0|0|0.0|0|0|0|0|0|0|0|0|0|0|0|0|0|0|0|0|1
138|5|"POLUZZI Giacomo"|"SPAL"|1|0|0|0.0|0|0|0.0|0|0|0|0|0|0|0|0|0|0|0|0|0|0|0|0|1
139|5|"PROTO Silvio"|"LAZIO"|1|0|0|0.0|0|0|0.0|0|0|0|0|0|0|0|0|0|0|0|0|0|0|0|0|1
140|5|"PROVEDEL Ivan"|"EMPOLI"|1|0|0|0.0|0|0|0.0|0|0|0|0|0|0|0|0|0|0|0|0|0|0|0|0|7
141|5|"RADU Ionut"|"GENOA"|1|0|0|0.0|0|0|0.0|0|0|0|0|0|0|0|0|0|0|0|0|0|0|0|0|1
142|5|"RADUNOVIC Boris"|"ATALANTA"|0|0|0|0.0|0|0|0.0|0|0|0|0|0|0|0|0|0|0|0|0|0|0|0|0|1
143|5|"RAFAEL De Andrade Bittencourt"|"CAGLIARI"|1|0|0|0.0|0|0|0.0|0|0|0|0|0|0|0|0|0|0|0|0|0|0|0|0|1
144|5|"REINA Pepe"|"MILAN"|1|0|0|0.0|0|0|0.0|0|0|0|0|0|0|0|0|0|0|0|0|0|0|0|0|3
145|5|"ROSATI Antonio"|"TORINO"|1|0|0|0.0|0|0|0.0|0|0|0|0|0|0|0|0|0|0|0|0|0|0|0|0|1
146|5|"ROSSI Francesco"|"ATALANTA"|1|0|0|0.0|0|0|0.0|0|0|0|0|0|0|0|0|0|0|0|0|0|0|0|0|1
147|5|"SANTURRO Antonio"|"BOLOGNA"|1|0|0|0.0|0|0|0.0|0|0|0|0|0|0|0|0|0|0|0|0|0|0|0|0|1
148|5|"SATALINO Giacomo"|"SASSUOLO"|1|0|0|0.0|0|0|0.0|0|0|0|0|0|0|0|0|0|0|0|0|0|0|0|0|1
149|5|"SCUFFET Simone"|"UDINESE"|1|0|1|7.0|0|1|7.0|0|0|0|0|0|0|0|0|0|0|0|0|0|0|0|0|6
150|5|"SECULIN Andrea"|"CHIEVO"|1|0|0|0.0|0|0|0.0|0|0|0|0|0|0|0|0|0|0|0|0|0|0|0|0|2
151|5|"SEPE Luigi"|"PARMA"|1|0|1|6.0|0|1|6.0|0|0|0|0|0|0|0|0|0|0|0|0|0|0|0|0|11
152|5|"SIRIGU Salvatore"|"TORINO"|1|0|1|3.0|0|1|6.0|0|3|0|0|0|0|0|0|0|0|0|0|0|0|0|0|15
153|5|"SKORUPSKI Lukasz"|"BOLOGNA"|1|0|1|7.0|0|1|7.0|0|0|0|0|0|0|0|0|0|0|0|0|0|0|0|0|13
154|5|"SORRENTINO Stefano"|"CHIEVO"|1|0|1|4.0|0|1|6.0|0|2|0|0|0|0|0|0|0|0|0|0|0|0|0|0|13
155|5|"SPORTIELLO Marco"|"FROSINONE"|1|0|1|4.0|0|1|6.5|0|2|0|0|0|1|0|0|0|0|0|0|0|0|0|0|8
156|5|"STRAKOSHA Thomas"|"LAZIO"|1|0|1|5.0|0|1|6.0|0|1|0|0|0|0|0|0|0|0|0|0|0|0|0|0|14
157|5|"SZCZESNY Wojciech"|"JUVENTUS"|1|0|1|6.0|0|1|6.0|0|0|0|0|0|0|0|0|0|0|0|0|0|0|0|0|18
158|5|"TERRACCIANO Pietro"|"EMPOLI"|1|0|1|3.5|0|1|6.5|0|3|0|0|0|0|0|0|0|0|0|0|0|0|0|0|5
159|5|"TOZZO Andrea"|"SAMPDORIA"|0|0|0|0.0|0|0|0.0|0|0|0|0|0|0|0|0|0|0|0|0|0|0|0|0|1
160|5|"VIGORITO Mauro"|"FROSINONE"|0|0|0|0.0|0|0|0.0|0|0|0|0|0|0|0|0|0|0|0|0|0|0|0|0|1
161|5|"VODISEK Rok"|"GENOA"|1|0|0|0.0|0|0|0.0|0|0|0|0|0|0|0|0|0|0|0|0|0|0|0|0|1
162|5|"ZACCAGNO Andrea"|"TORINO"|0|0|0|0.0|0|0|0.0|0|0|0|0|0|0|0|0|0|0|0|0|0|0|0|0|1
163|5|"RAFAEL Cabral"|"SAMPDORIA"|1|0|0|0.0|0|0|0.0|0|0|0|0|0|0|0|0|0|0|0|0|0|0|0|0|1
164|5|"OLSEN Robin"|"ROMA"|1|0|1|3.5|0|1|5.5|0|2|0|0|0|0|0|0|0|0|0|0|0|0|0|0|14
165|5|"FULIGNATI Andrea"|"EMPOLI"|1|0|0|0.0|0|0|0.0|0|0|0|0|0|0|0|0|0|0|0|0|0|0|0|0|1
166|5|"NICOLAS Andrade"|"UDINESE"|1|0|0|0.0|0|0|0.0|0|0|0|0|0|0|0|0|0|0|0|0|0|0|0|0|1
167|5|"IACOBUCCI Alessandro"|"FROSINONE"|1|0|0|0.0|0|0|0.0|0|0|0|0|0|0|0|0|0|0|0|0|0|0|0|0|1
168|5|"SEMPER Adrian"|"CHIEVO"|1|0|0|0.0|0|0|0.0|0|0|0|0|0|0|0|0|0|0|0|0|0|0|0|0|1
169|5|"BAGHERIA Fabrizio"|"PARMA"|1|0|0|0.0|0|0|0.0|0|0|0|0|0|0|0|0|0|0|0|0|0|0|0|0|1
170|5|"OSPINA David"|"NAPOLI"|1|0|1|5.0|0|1|6.0|0|1|0|0|0|0|0|0|0|0|0|0|0|0|0|0|2
171|5|"GHIDOTTI Simone"|"FIORENTINA"|1|0|0|0.0|0|0|0.0|0|0|0|0|0|0|0|0|0|0|0|0|0|0|0|0|1
200|5|"ABATE Ignazio"|"MILAN"|1|1|1|5.5|0|1|5.5|0|0|0|0|0|0|0|0|0|0|0|0|0|0|0|0|3
201|5|"ACERBI Francesco"|"LAZIO"|1|1|1|5.5|0|1|5.5|0|0|0|0|0|0|0|0|0|0|0|0|0|0|0|0|15
202|5|"ADJAPONG Claud"|"SASSUOLO"|1|1|0|0.0|0|0|0.0|0|0|0|0|0|0|0|0|0|0|0|0|0|0|0|0|4
203|5|"ADNAN Ali Kadhim"|"ATALANTA"|1|1|0|0.0|0|0|0.0|0|0|0|0|0|0|0|0|0|0|0|0|0|0|0|0|4
204|5|"ALBIOL Raúl"|"NAPOLI"|1|1|1|5.5|0|1|6.0|0|0|0|0|0|1|0|0|0|0|0|0|0|0|0|0|14
205|5|"ALEX SANDRO Lobo Silva"|"JUVENTUS"|1|1|1|6.0|0|1|6.0|0|0|0|0|0|0|0|0|0|0|0|0|0|0|0|0|20
206|5|"ALVES Bruno"|"PARMA"|1|1|1|6.5|0|1|6.5|0|0|0|0|0|0|0|0|0|0|0|0|0|0|0|0|7
207|5|"ANDERSEN Joachim"|"SAMPDORIA"|1|1|1|7.0|0|1|7.0|0|0|0|0|0|0|0|0|0|0|0|0|0|0|0|0|8
208|5|"ANDREOLLI Marco"|"CAGLIARI"|1|1|0|0.0|0|0|0.0|0|0|0|0|0|0|0|0|0|0|0|0|0|0|0|0|4
209|5|"ANGELLA Gabriele"|"UDINESE"|0|1|0|0.0|0|0|0.0|0|0|0|0|0|0|0|0|0|0|0|0|0|0|0|0|3
210|5|"ANSALDI Cristian"|"TORINO"|1|1|0|0.0|0|0|0.0|0|0|0|0|0|0|0|0|0|0|0|0|0|0|0|0|7
211|5|"ANTONELLI Luca"|"EMPOLI"|1|1|0|0.0|0|0|0.0|0|0|0|0|0|0|0|0|0|0|0|0|0|0|0|0|4
212|5|"ARIAUDO Lorenzo"|"FROSINONE"|1|1|0|0.0|0|0|0.0|0|0|0|0|0|0|0|0|0|0|0|0|0|0|0|0|4
213|5|"ASAMOAH Kwadwo"|"INTER"|1|1|1|7.0|0|1|7.0|0|0|0|0|0|0|0|0|0|0|0|0|0|0|0|0|10
214|5|"BANI Mattia"|"CHIEVO"|1|1|1|6.0|0|1|6.0|0|0|0|0|0|0|0|0|0|0|0|0|0|0|0|0|5
215|5|"BARZAGLI Andrea"|"JUVENTUS"|1|1|0|0.0|0|0|0.0|0|0|0|0|0|0|0|0|0|0|0|0|0|0|0|0|6
216|5|"BASTA Dusan"|"LAZIO"|1|1|0|0.0|0|0|0.0|0|0|0|0|0|0|0|0|0|0|0|0|0|0|0|0|4
217|5|"BASTONI Alessandro"|"PARMA"|1|1|0|0.0|0|0|0.0|0|0|0|0|0|0|0|0|0|0|0|0|0|0|0|0|2
218|5|"BASTOS Jacinto Quissanga"|"LAZIO"|1|1|0|0.0|0|0|0.0|0|0|0|0|0|0|0|0|0|0|0|0|0|0|0|0|8
219|5|"BENATIA Medhi"|"JUVENTUS"|1|1|0|0.0|0|0|0.0|0|0|0|0|0|0|0|0|0|0|0|0|0|0|0|0|12
220|5|"BERESZYNSKI Bartosz"|"SAMPDORIA"|1|1|1|6.0|0|1|6.0|0|0|0|0|0|0|0|0|0|0|0|0|0|0|0|0|8
221|5|"BETTELLA Davide"|"ATALANTA"|1|1|0|0.0|0|0|0.0|0|0|0|0|0|0|0|0|0|0|0|0|0|0|0|0|1
222|5|"BIANDA William"|"ROMA"|1|1|0|0.0|0|0|0.0|0|0|0|0|0|0|0|0|0|0|0|0|0|0|0|0|2
223|5|"BIRAGHI Cristiano"|"FIORENTINA"|1|1|1|5.0|0|1|5.5|0|0|0|0|0|1|0|0|0|0|0|0|0|0|0|0|10
224|5|"BIRASCHI Davide"|"GENOA"|1|1|1|5.0|0|1|5.0|0|0|0|0|0|0|0|0|0|0|0|0|0|0|0|0|5
225|5|"BONIFAZI Kevin"|"SPAL"|1|1|0|0.0|0|0|0.0|0|0|0|0|0|0|0|0|0|0|0|0|0|0|0|0|4
226|5|"BONUCCI Leonardo"|"JUVENTUS"|1|1|0|0.0|0|0|0.0|0|0|0|0|0|0|0|0|0|0|0|0|0|0|0|0|16
227|5|"BREMER Gleison Silva Nascimento"|"TORINO"|1|1|0|0.0|0|0|0.0|0|0|0|0|0|0|0|0|0|0|0|0|0|0|0|0|4
228|5|"BRIGHENTI Nicolò"|"FROSINONE"|1|1|0|0.0|0|0|0.0|0|0|0|0|0|0|0|0|0|0|0|0|0|0|0|0|3
229|5|"BRIGNANI Fabrizio"|"BOLOGNA"|0|1|0|0.0|0|0|0.0|0|0|0|0|0|0|0|0|0|0|0|0|0|0|0|0|1
230|5|"CACCIATORE Fabrizio"|"CHIEVO"|1|1|1|5.0|0|1|5.0|0|0|0|0|0|0|0|0|0|0|0|0|0|0|0|0|7
231|5|"CACERES Martín"|"LAZIO"|1|1|1|6.0|0|1|6.0|0|0|0|0|0|0|0|0|0|0|0|0|0|0|0|0|10
232|5|"CALABRESI Arturo"|"BOLOGNA"|1|1|1|6.5|0|1|6.5|0|0|0|0|0|0|0|0|0|0|0|0|0|0|0|0|4
233|5|"CALABRIA Davide"|"MILAN"|1|1|1|5.0|0|1|5.5|0|0|0|0|0|1|0|0|0|0|0|0|0|0|0|0|10
234|5|"CALDARA Mattia"|"MILAN"|1|1|0|0.0|0|0|0.0|0|0|0|0|0|0|0|0|0|0|0|0|0|0|0|0|17
235|5|"CANCELO Joao"|"JUVENTUS"|1|1|1|7.0|0|1|7.0|0|0|0|0|0|0|0|0|0|0|0|0|0|0|0|0|17
236|5|"CAPUANO Marco"|"FROSINONE"|1|1|1|6.5|0|1|6.5|0|0|0|0|0|0|0|0|0|0|0|0|0|0|0|0|4
237|5|"CASTAGNE Timothy"|"ATALANTA"|1|1|1|6.0|0|1|6.0|0|0|0|0|0|0|0|0|0|0|0|0|0|0|0|0|9
238|5|"CECCHERINI Federico"|"FIORENTINA"|1|1|0|0.0|0|0|0.0|0|0|0|0|0|0|0|0|0|0|0|0|0|0|0|0|5
239|5|"CEPPITELLI Luca"|"CAGLIARI"|1|1|0|0.0|0|0|0.0|0|0|0|0|0|0|0|0|0|0|0|0|0|0|0|0|8
240|5|"CESAR Bostjan"|"CHIEVO"|1|1|0|0.0|0|0|0.0|0|0|0|0|0|0|0|0|0|0|0|0|0|0|0|0|3
241|5|"CHIELLINI Giorgio"|"JUVENTUS"|1|1|1|6.5|0|1|6.5|0|0|0|0|0|0|0|0|0|0|0|0|0|0|0|0|15
242|5|"CHIRICHES Vlad"|"NAPOLI"|1|1|0|0.0|0|0|0.0|0|0|0|0|0|0|0|0|0|0|0|0|0|0|0|0|4
243|5|"CIOFANI Matteo"|"FROSINONE"|0|1|0|0.0|0|0|0.0|0|0|0|0|0|0|0|0|0|0|0|0|0|0|0|0|5
244|5|"CIONEK Thiago"|"SPAL"|1|1|1|5.0|0|1|5.0|0|0|0|0|0|0|0|0|0|0|0|0|0|0|0|0|7
245|5|"COLLEY Omar"|"SAMPDORIA"|1|1|0|0.0|0|0|0.0|0|0|0|0|0|0|0|0|0|0|0|0|0|0|0|0|7
246|5|"CONTI Andrea"|"MILAN"|1|1|0|0.0|0|0|0.0|0|0|0|0|0|0|0|0|0|0|0|0|0|0|0|0|13
247|5|"COSTA Filippo"|"SPAL"|1|1|0|0.0|0|0|0.0|0|0|0|0|0|0|0|0|0|0|0|0|0|0|0|0|5
248|5|"CREMONESI Michele"|"SPAL"|0|1|0|0.0|0|0|0.0|0|0|0|0|0|0|0|0|0|0|0|0|0|0|0|0|3
249|5|"CRISCITO Domenico"|"GENOA"|1|1|1|5.0|0|1|5.0|0|0|0|0|0|0|0|0|0|0|0|0|0|0|0|0|14
250|5|"D'AMBROSIO Danilo"|"INTER"|1|1|1|5.5|0|1|5.5|0|0|0|0|0|0|0|0|0|0|0|0|0|0|0|0|10
251|5|"DALBERT Henrique"|"INTER"|1|1|0|0.0|0|0|0.0|0|0|0|0|0|0|0|0|0|0|0|0|0|0|0|0|4
252|5|"DANILO Larangeira"|"BOLOGNA"|1|1|1|6.0|0|1|6.0|0|0|0|0|0|0|0|0|0|0|0|0|0|0|0|0|8
253|5|"DE MAIO Sebastian"|"BOLOGNA"|1|1|1|5.5|0|1|6.0|0|0|0|0|0|1|0|0|0|0|0|0|0|0|0|0|7
254|5|"DE SCIGLIO Mattia"|"JUVENTUS"|1|1|0|0.0|0|0|0.0|0|0|0|0|0|0|0|0|0|0|0|0|0|0|0|0|7
255|5|"DE SILVESTRI Lorenzo"|"TORINO"|1|1|0|0.0|0|0|0.0|0|0|0|0|0|0|0|0|0|0|0|0|0|0|0|0|15
256|5|"DE VRIJ Stefan"|"INTER"|1|1|0|0.0|0|0|0.0|0|0|0|0|0|0|0|0|0|0|0|0|0|0|0|0|23
257|5|"DELL'ORCO Christian"|"SASSUOLO"|1|1|0|0.0|0|0|0.0|0|0|0|0|0|0|0|0|0|0|0|0|0|0|0|0|4
258|5|"DI CESARE Valerio"|"PARMA"|0|1|0|0.0|0|0|0.0|0|0|0|0|0|0|0|0|0|0|0|0|0|0|0|0|5
259|5|"DI LORENZO Giovanni"|"EMPOLI"|1|1|1|5.0|0|1|5.0|0|0|0|0|0|0|0|0|0|0|0|0|0|0|0|0|6
260|5|"DICKMANN Lorenzo"|"SPAL"|1|1|0|0.0|0|0|0.0|0|0|0|0|0|0|0|0|0|0|0|0|0|0|0|0|4
261|5|"DIJKS Mitchell"|"BOLOGNA"|1|1|0|0.0|0|0|0.0|0|0|0|0|0|0|0|0|0|0|0|0|0|0|0|0|6
262|5|"DIKS Kevin"|"FIORENTINA"|1|1|0|0.0|0|0|0.0|0|0|0|0|0|0|0|0|0|0|0|0|0|0|0|0|4
263|5|"DIMARCO Federico"|"PARMA"|1|1|1|6.0|0|1|6.0|0|0|0|0|0|0|0|0|0|0|0|0|0|0|0|0|6
264|5|"DURMISI Riza"|"LAZIO"|1|1|0|0.0|0|0|0.0|0|0|0|0|0|0|0|0|0|0|0|0|0|0|0|0|5
265|5|"EL YAMIQ Jawad"|"GENOA"|0|1|0|0.0|0|0|0.0|0|0|0|0|0|0|0|0|0|0|0|0|0|0|0|0|4
266|5|"FARAGÒ Paolo"|"CAGLIARI"|1|1|0|0.0|0|0|0.0|0|0|0|0|0|0|0|0|0|0|0|0|0|0|0|0|6
267|5|"FAZIO Federico"|"ROMA"|1|1|1|6.0|0|1|6.5|0|0|0|0|0|1|0|0|0|0|0|0|0|0|0|0|16
268|5|"FELIPE Dal Belo"|"SPAL"|1|1|1|6.0|0|1|6.0|0|0|0|0|0|0|0|0|0|0|0|0|0|0|0|0|7
269|5|"FERRARI Gianmarco"|"SASSUOLO"|1|1|1|11.5|0|1|7.0|1|0|0|0|0|0|0|0|0|0|0|0|0|0|0|0|15
270|5|"FERRARI Alex"|"SAMPDORIA"|1|1|0|0.0|0|0|0.0|0|0|0|0|0|0|0|0|0|0|0|0|0|0|0|0|4
271|5|"FLORENZI Alessandro"|"ROMA"|1|1|1|6.0|0|1|6.0|0|0|0|0|0|0|0|0|0|0|0|0|0|0|0|0|18
272|5|"GAGLIOLO Riccardo"|"PARMA"|1|1|1|5.5|0|1|6.0|0|0|0|0|0|1|0|0|0|0|0|0|0|0|0|0|8
273|5|"GAZZOLA Marcello"|"PARMA"|1|1|0|0.0|0|0|0.0|0|0|0|0|0|0|0|0|0|0|0|0|0|0|0|0|4
274|5|"GHIGLIONE Paolo"|"FROSINONE"|1|1|0|0.0|0|0|0.0|0|0|0|0|0|0|0|0|0|0|0|0|0|0|0|0|1
275|5|"GHOULAM Faouzi"|"NAPOLI"|1|1|0|0.0|0|0|0.0|0|0|0|0|0|0|0|0|0|0|0|0|0|0|0|0|12
276|5|"GOBBI Massimo"|"PARMA"|1|1|0|0.0|0|0|0.0|0|0|0|0|0|0|0|0|0|0|0|0|0|0|0|0|4
277|5|"GOLDANIGA Edoardo"|"FROSINONE"|1|1|1|6.0|0|1|6.0|0|0|0|0|0|0|0|0|0|0|0|0|0|0|0|0|4
278|5|"GOMEZ Gustavo"|"MILAN"|0|1|0|0.0|0|0|0.0|0|0|0|0|0|0|0|0|0|0|0|0|0|0|0|0|3
279|5|"GONZALEZ Giancarlo"|"BOLOGNA"|1|1|0|0.0|0|0|0.0|0|0|0|0|0|0|0|0|0|0|0|0|0|0|0|0|4
280|5|"GOSENS Robin"|"ATALANTA"|1|1|1|5.0|0|1|5.0|0|0|0|0|0|0|0|0|0|0|0|0|0|0|0|0|5
281|5|"GUNTER Koray"|"GENOA"|1|1|1|5.0|0|1|5.0|0|0|0|0|0|0|0|0|0|0|0|0|0|0|0|0|4
282|5|"HANCKO David"|"FIORENTINA"|1|1|1|6.5|0|1|6.5|0|0|0|0|0|0|0|0|0|0|0|0|0|0|0|0|4
283|5|"HATEBOER Hans"|"ATALANTA"|1|1|0|0.0|0|0|0.0|0|0|0|0|0|0|0|0|0|0|0|0|0|0|0|0|8
284|5|"HELANDER Filip Viktor"|"BOLOGNA"|1|1|0|0.0|0|0|0.0|0|0|0|0|0|0|0|0|0|0|0|0|0|0|0|0|5
285|5|"HEURTAUX Thomas"|"UDINESE"|0|1|0|0.0|0|0|0.0|0|0|0|0|0|0|0|0|0|0|0|0|0|0|0|0|4
286|5|"HRISTOV Petko"|"FIORENTINA"|0|1|0|0.0|0|0|0.0|0|0|0|0|0|0|0|0|0|0|0|0|0|0|0|0|2
287|5|"HYSAJ Elseid"|"NAPOLI"|1|1|1|6.5|0|1|6.5|0|0|0|0|0|0|0|0|0|0|0|0|0|0|0|0|10
288|5|"IACOPONI Simone"|"PARMA"|1|1|1|6.0|0|1|6.0|0|0|0|0|0|0|0|0|0|0|0|0|0|0|0|0|4
289|5|"IMPERIALE Marco"|"EMPOLI"|0|1|0|0.0|0|0|0.0|0|0|0|0|0|0|0|0|0|0|0|0|0|0|0|0|1
290|5|"IZZO Armando"|"TORINO"|1|1|1|4.5|0|1|5.0|0|0|0|0|0|1|0|0|0|0|0|0|0|0|0|0|11
291|5|"JAROSZYNSKI Pawel"|"CHIEVO"|1|1|0|0.0|0|0|0.0|0|0|0|0|0|0|0|0|0|0|0|0|0|0|0|0|4
292|5|"JUAN JESUS Guilherme Nunes"|"ROMA"|1|1|0|0.0|0|0|0.0|0|0|0|0|0|0|0|0|0|0|0|0|0|0|0|0|4
293|5|"KARSDORP Rick"|"ROMA"|1|1|0|0.0|0|0|0.0|0|0|0|0|0|0|0|0|0|0|0|0|0|0|0|0|5
294|5|"KOLAROV Aleksandar"|"ROMA"|1|1|1|5.5|0|1|5.5|0|0|0|0|0|0|0|0|0|0|0|0|0|0|0|0|19
295|5|"KONATE Pa"|"SPAL"|0|1|0|0.0|0|0|0.0|0|0|0|0|0|0|0|0|0|0|0|0|0|0|0|0|4
296|5|"KOULIBALY Kalidou"|"NAPOLI"|1|1|1|6.0|0|1|6.5|0|0|0|0|0|1|0|0|0|0|0|0|0|0|0|0|19
297|5|"KRAFTH Emil"|"BOLOGNA"|0|1|0|0.0|0|0|0.0|0|0|0|0|0|0|0|0|0|0|0|0|0|0|0|0|4
298|5|"KRAJNC Luka"|"FROSINONE"|1|1|0|0.0|0|0|0.0|0|0|0|0|0|0|0|0|0|0|0|0|0|0|0|0|3
299|5|"LAKICEVIC Ivan"|"GENOA"|1|1|0|0.0|0|0|0.0|0|0|0|0|0|0|0|0|0|0|0|0|0|0|0|0|4
300|5|"LARSEN Jens Stryger"|"UDINESE"|1|1|1|6.0|0|1|6.0|0|0|0|0|0|0|0|0|0|0|0|0|0|0|0|0|7
301|5|"LAURINI Vincent"|"FIORENTINA"|1|1|0|0.0|0|0|0.0|0|0|0|0|0|0|0|0|0|0|0|0|0|0|0|0|4
302|5|"LEMOS Mauricio"|"SASSUOLO"|1|1|0|0.0|0|0|0.0|0|0|0|0|0|0|0|0|0|0|0|0|0|0|0|0|7
303|5|"LETSCHERT Timo"|"SASSUOLO"|0|1|0|0.0|0|0|0.0|0|0|0|0|0|0|0|0|0|0|0|0|0|0|0|0|3
304|5|"LEVERBE Maxime"|"SAMPDORIA"|1|1|0|0.0|0|0|0.0|0|0|0|0|0|0|0|0|0|0|0|0|0|0|0|0|1
305|5|"LIROLA Pol"|"SASSUOLO"|1|1|1|6.5|0|1|5.5|0|0|0|0|1|0|0|0|0|0|0|0|0|0|0|0|10
306|5|"LUIZ FELIPE Ramos Marchi"|"LAZIO"|1|1|0|0.0|0|0|0.0|0|0|0|0|0|0|0|0|0|0|0|0|0|0|0|0|6
307|5|"LUPERTO Sebastiano"|"NAPOLI"|1|1|1|6.0|0|1|6.0|0|0|0|0|0|0|0|0|0|0|0|0|0|0|0|0|4
308|5|"LYANCO Silveira Neves Vojnovic"|"TORINO"|1|1|0|0.0|0|0|0.0|0|0|0|0|0|0|0|0|0|0|0|0|0|0|0|0|4
309|5|"LYKOGIANNIS Charalampos"|"CAGLIARI"|1|1|1|6.0|0|1|6.0|0|0|0|0|0|0|0|0|0|0|0|0|0|0|0|0|6
310|5|"MAIETTA Domenico"|"EMPOLI"|1|1|1|5.0|0|1|5.0|0|0|0|0|0|0|0|0|0|0|0|0|0|0|0|0|5
311|5|"MAKSIMOVIC Nikola"|"NAPOLI"|1|1|1|6.0|0|1|6.0|0|0|0|0|0|0|0|0|0|0|0|0|0|0|0|0|5
312|5|"MANCINI Gianluca"|"ATALANTA"|1|1|0|0.0|0|0|0.0|0|0|0|0|0|0|0|0|0|0|0|0|0|0|0|0|5
313|5|"MANOLAS Konstantinos"|"ROMA"|1|1|1|5.0|0|1|5.0|0|0|0|0|0|0|0|0|0|0|0|0|0|0|0|0|18
314|5|"MARCANO Iván"|"ROMA"|1|1|1|5.0|0|1|5.0|0|0|0|0|0|0|0|0|0|0|0|0|0|0|0|0|9
315|5|"MARCHIZZA Riccardo"|"SASSUOLO"|0|1|0|0.0|0|0|0.0|0|0|0|0|0|0|0|0|0|0|0|0|0|0|0|0|2
316|5|"MARCJANIK Michal"|"EMPOLI"|1|1|0|0.0|0|0|0.0|0|0|0|0|0|0|0|0|0|0|0|0|0|0|0|0|4
317|5|"MARIO RUI Silva Duarte"|"NAPOLI"|1|1|0|0.0|0|0|0.0|0|0|0|0|0|0|0|0|0|0|0|0|0|0|0|0|8
318|5|"MARUSIC Adam"|"LAZIO"|1|1|1|6.5|0|1|6.5|0|0|0|0|0|0|0|0|0|0|0|0|0|0|0|0|15
319|5|"MASIELLO Andrea"|"ATALANTA"|1|1|1|6.0|0|1|6.0|0|0|0|0|0|0|0|0|0|0|0|0|0|0|0|0|15
320|5|"MBAYE Ibrahima"|"BOLOGNA"|1|1|1|5.5|0|1|6.0|0|0|0|0|0|1|0|0|0|0|0|0|0|0|0|0|4
321|5|"MILENKOVIC Nikola"|"FIORENTINA"|1|1|1|11.5|0|1|7.0|1|0|0|0|0|0|0|0|0|0|0|0|0|0|0|0|15
322|5|"MIRANDA Joao"|"INTER"|1|1|1|5.0|0|1|5.5|0|0|0|0|0|1|0|0|0|0|0|0|0|0|0|0|8
323|5|"MOLINARO Cristian"|"FROSINONE"|1|1|1|5.5|0|1|6.0|0|0|0|0|0|1|0|0|0|0|0|0|0|0|0|0|5
324|5|"MORETTI Emiliano"|"TORINO"|1|1|1|5.0|0|1|5.0|0|0|0|0|0|0|0|0|0|0|0|0|0|0|0|0|7
325|5|"MURRU Nicola"|"SAMPDORIA"|1|1|1|6.5|0|1|6.5|0|0|0|0|0|0|0|0|0|0|0|0|0|0|0|0|6
326|5|"MUSACCHIO Mateo"|"MILAN"|1|1|1|5.0|0|1|5.0|0|0|0|0|0|0|0|0|0|0|0|0|0|0|0|0|5
327|5|"NKOULOU Nicolas"|"TORINO"|1|1|1|5.5|0|1|5.5|0|0|0|0|0|0|0|0|0|0|0|0|0|0|0|0|15
328|5|"NUYTINCK Bram"|"UDINESE"|1|1|1|6.5|0|1|6.5|0|0|0|0|0|0|0|0|0|0|0|0|0|0|0|0|6
329|5|"OLIVERA Maximiliano"|"FIORENTINA"|1|1|0|0.0|0|0|0.0|0|0|0|0|0|0|0|0|0|0|0|0|0|0|0|0|3
330|5|"OPOKU Nicholas"|"UDINESE"|1|1|0|0.0|0|0|0.0|0|0|0|0|0|0|0|0|0|0|0|0|0|0|0|0|3
331|5|"PAJAC Marko"|"CAGLIARI"|1|1|0|0.0|0|0|0.0|0|0|0|0|0|0|0|0|0|0|0|0|0|0|0|0|4
332|5|"PALOMINO José Luis"|"ATALANTA"|1|1|1|5.0|0|1|5.0|0|0|0|0|0|0|0|0|0|0|0|0|0|0|0|0|7
333|5|"PASQUAL Manuel"|"EMPOLI"|1|1|0|0.0|0|0|0.0|0|0|0|0|0|0|0|0|0|0|0|0|0|0|0|0|9
334|5|"PAZ Nehuén"|"BOLOGNA"|1|1|0|0.0|0|0|0.0|0|0|0|0|0|0|0|0|0|0|0|0|0|0|0|0|4
335|5|"PELLEGRINI Luca"|"ROMA"|1|1|0|0.0|0|0|0.0|0|0|0|0|0|0|0|0|0|0|0|0|0|0|0|0|1
336|5|"PELUSO Federico"|"SASSUOLO"|1|1|0|0.0|0|0|0.0|0|0|0|0|0|0|0|0|0|0|0|0|0|0|0|0|6
337|5|"PEREIRA Pedro"|"GENOA"|1|1|0|0.0|0|0|0.0|0|0|0|0|0|0|0|0|0|0|0|0|0|0|0|0|4
338|5|"PEZZELLA German"|"FIORENTINA"|1|1|1|6.5|0|1|6.5|0|0|0|0|0|0|0|0|0|0|0|0|0|0|0|0|11
339|5|"PEZZELLA Giuseppe"|"UDINESE"|1|1|0|0.0|0|0|0.0|0|0|0|0|0|0|0|0|0|0|0|0|0|0|0|0|4
340|5|"PISACANE Fabio"|"CAGLIARI"|1|1|0|0.0|0|0|0.0|0|0|0|0|0|0|0|0|0|0|0|0|0|0|0|0|4
341|5|"POLVANI Luca"|"EMPOLI"|1|1|0|0.0|0|0|0.0|0|0|0|0|0|0|0|0|0|0|0|0|0|0|0|0|2
342|5|"RADU Stefan"|"LAZIO"|1|1|0|0.0|0|0|0.0|0|0|0|0|0|0|0|0|0|0|0|0|0|0|0|0|9
343|5|"RANOCCHIA Andrea"|"INTER"|1|1|0|0.0|0|0|0.0|0|0|0|0|0|0|0|0|0|0|0|0|0|0|0|0|4
344|5|"RASMUSSEN Jacob"|"EMPOLI"|1|1|0|0.0|0|0|0.0|0|0|0|0|0|0|0|0|0|0|0|0|0|0|0|0|3
345|5|"RECA Arkadiusz"|"ATALANTA"|1|1|0|0.0|0|0|0.0|0|0|0|0|0|0|0|0|0|0|0|0|0|0|0|0|6
346|5|"REGINI Vasco"|"SAMPDORIA"|1|1|0|0.0|0|0|0.0|0|0|0|0|0|0|0|0|0|0|0|0|0|0|0|0|4
347|5|"RODRIGUEZ Ricardo"|"MILAN"|1|1|1|6.5|0|1|6.5|0|0|0|0|0|0|0|0|0|0|0|0|0|0|0|0|12
348|5|"ROGERIO Oliveira Da Silva"|"SASSUOLO"|1|1|1|5.5|0|1|5.5|0|0|0|0|0|0|0|0|0|0|0|0|0|0|0|0|4
349|5|"ROLANDO Gabriele"|"SAMPDORIA"|1|1|0|0.0|0|0|0.0|0|0|0|0|0|0|0|0|0|0|0|0|0|0|0|0|3
350|5|"ROMAGNA Filippo"|"CAGLIARI"|1|1|1|5.0|0|1|5.0|0|0|0|0|0|0|0|0|0|0|0|0|0|0|0|0|7
351|5|"ROMAGNOLI Alessio"|"MILAN"|1|1|1|5.5|0|1|5.5|0|0|0|0|0|0|0|0|0|0|0|0|0|0|0|0|14
352|5|"ROMAGNOLI Simone"|"EMPOLI"|0|1|0|0.0|0|0|0.0|0|0|0|0|0|0|0|0|0|0|0|0|0|0|0|0|3
353|5|"ROSSETTINI Luca"|"CHIEVO"|1|1|1|6.0|0|1|6.0|0|0|0|0|0|0|0|0|0|0|0|0|0|0|0|0|5
354|5|"RUGANI Daniele"|"JUVENTUS"|1|1|1|6.0|0|1|6.0|0|0|0|0|0|0|0|0|0|0|0|0|0|0|0|0|8
355|5|"RUSSO Adriano"|"FROSINONE"|0|1|0|0.0|0|0|0.0|0|0|0|0|0|0|0|0|0|0|0|0|0|0|0|0|2
356|5|"SALA Jacopo"|"SAMPDORIA"|1|1|0|0.0|0|0|0.0|0|0|0|0|0|0|0|0|0|0|0|0|0|0|0|0|3
357|5|"SALAMON Bartosz"|"FROSINONE"|1|1|1|6.5|0|1|6.5|0|0|0|0|0|0|0|0|0|0|0|0|0|0|0|0|5
358|5|"SAMIR Caetano de Sousa"|"UDINESE"|1|1|1|6.0|0|1|6.0|0|0|0|0|0|0|0|0|0|0|0|0|0|0|0|0|8
359|5|"SANTON Davide"|"ROMA"|1|1|0|0.0|0|0|0.0|0|0|0|0|0|0|0|0|0|0|0|0|0|0|0|0|4
360|5|"SCAGLIA Luigi"|"PARMA"|0|1|0|0.0|0|0|0.0|0|0|0|0|0|0|0|0|0|0|0|0|0|0|0|0|4
361|5|"SERNICOLA Leonardo"|"SASSUOLO"|1|1|0|0.0|0|0|0.0|0|0|0|0|0|0|0|0|0|0|0|0|0|0|0|0|1
362|5|"SIMIC Stefan"|"MILAN"|1|1|0|0.0|0|0|0.0|0|0|0|0|0|0|0|0|0|0|0|0|0|0|0|0|2
363|5|"SKRINIAR Milan"|"INTER"|1|1|1|6.5|0|1|6.5|0|0|0|0|0|0|0|0|0|0|0|0|0|0|0|0|19
364|5|"SPINAZZOLA Leonardo"|"JUVENTUS"|1|1|0|0.0|0|0|0.0|0|0|0|0|0|0|0|0|0|0|0|0|0|0|0|0|7
365|5|"SPOLLI Nicolas"|"GENOA"|1|1|1|4.5|0|1|5.0|0|0|0|0|0|1|0|0|0|0|0|0|0|0|0|0|5
366|5|"SRNA Darijo"|"CAGLIARI"|1|1|1|6.5|0|1|6.5|0|0|0|0|0|0|0|0|0|0|0|0|0|0|0|0|12
367|5|"STRINIC Ivan"|"MILAN"|1|1|0|0.0|0|0|0.0|0|0|0|0|0|0|0|0|0|0|0|0|0|0|0|0|5
368|5|"TANASIJEVIC Strahinja"|"CHIEVO"|1|1|0|0.0|0|0|0.0|0|0|0|0|0|0|0|0|0|0|0|0|0|0|0|0|1
369|5|"TAVARES Junior"|"SAMPDORIA"|1|1|0|0.0|0|0|0.0|0|0|0|0|0|0|0|0|0|0|0|0|0|0|0|0|5
370|5|"TER AVEST Hidde"|"UDINESE"|1|1|0|0.0|0|0|0.0|0|0|0|0|0|0|0|0|0|0|0|0|0|0|0|0|4
371|5|"TERRANOVA Emanuele"|"FROSINONE"|0|1|0|0.0|0|0|0.0|0|0|0|0|0|0|0|0|0|0|0|0|0|0|0|0|6
372|5|"TOLOI Rafael"|"ATALANTA"|1|1|1|5.0|0|1|5.0|0|0|0|0|0|0|0|0|0|0|0|0|0|0|0|0|11
373|5|"TOMOVIC Nenad"|"CHIEVO"|1|1|1|5.5|0|1|5.5|0|0|0|0|0|0|0|0|0|0|0|0|0|0|0|0|8
374|5|"TONELLI Lorenzo"|"SAMPDORIA"|1|1|1|5.0|0|1|5.5|0|0|0|0|0|1|0|0|0|0|0|0|0|0|0|0|5
375|5|"UNTERSEE Joel"|"EMPOLI"|1|1|0|0.0|0|0|0.0|0|0|0|0|0|0|0|0|0|0|0|0|0|0|0|0|3
376|5|"VAISANEN Sauli"|"SPAL"|0|1|0|0.0|0|0|0.0|0|0|0|0|0|0|0|0|0|0|0|0|0|0|0|0|3
377|5|"VALJENT Martin"|"CHIEVO"|0|1|0|0.0|0|0|0.0|0|0|0|0|0|0|0|0|0|0|0|0|0|0|0|0|3
378|5|"VARNIER Marco"|"ATALANTA"|1|1|0|0.0|0|0|0.0|0|0|0|0|0|0|0|0|0|0|0|0|0|0|0|0|4
379|5|"VENUTI Lorenzo"|"FIORENTINA"|0|1|0|0.0|0|0|0.0|0|0|0|0|0|0|0|0|0|0|0|0|0|0|0|0|4
380|5|"VESELI Frederic"|"EMPOLI"|1|1|1|5.0|0|1|5.0|0|0|0|0|0|0|0|0|0|0|0|0|0|0|0|0|4
381|5|"VICARI Francesco"|"SPAL"|1|1|1|5.5|0|1|5.5|0|0|0|0|0|0|0|0|0|0|0|0|0|0|0|0|7
382|5|"VITOR HUGO Franchescoli de Souza"|"FIORENTINA"|1|1|1|6.0|0|1|6.0|0|0|0|0|0|0|0|0|0|0|0|0|0|0|0|0|9
383|5|"WAGUE Molla"|"UDINESE"|1|1|0|0.0|0|0|0.0|0|0|0|0|0|0|0|0|0|0|0|0|0|0|0|0|4
384|5|"WALLACE Oliveira dos Santos"|"LAZIO"|1|1|1|6.5|0|1|6.5|0|0|0|0|0|0|0|0|0|0|0|0|0|0|0|0|5
385|5|"ZAPATA Cristian"|"MILAN"|1|1|0|0.0|0|0|0.0|0|0|0|0|0|0|0|0|0|0|0|0|0|0|0|0|4
386|5|"ZUKANOVIC Ervin"|"GENOA"|1|1|1|4.5|0|1|4.5|0|0|0|0|0|0|0|0|0|0|0|0|0|0|0|0|6
387|5|"SIERRALTA Francisco"|"PARMA"|1|1|0|0.0|0|0|0.0|0|0|0|0|0|0|0|0|0|0|0|0|0|0|0|0|2
388|5|"PATRIC Patricio Gabarron Gil"|"LAZIO"|1|1|0|0.0|0|0|0.0|0|0|0|0|0|0|0|0|0|0|0|0|0|0|0|0|4
389|5|"MATTIELLO Federico"|"BOLOGNA"|1|1|1|11.5|0|1|7.0|1|0|0|0|0|0|0|0|0|0|0|0|0|0|0|0|8
390|5|"DJOUROU Johan Danon"|"SPAL"|1|1|0|0.0|0|0|0.0|0|0|0|0|0|0|0|0|0|0|0|0|0|0|0|0|7
391|5|"TRIPALDELLI Alessandro"|"SASSUOLO"|0|1|0|0.0|0|0|0.0|0|0|0|0|0|0|0|0|0|0|0|0|0|0|0|0|1
392|5|"LUKAKU Jordan Zacharie"|"LAZIO"|1|1|0|0.0|0|0|0.0|0|0|0|0|0|0|0|0|0|0|0|0|0|0|0|0|7
393|5|"MAGNANI Giangiacomo"|"SASSUOLO"|1|1|0|0.0|0|0|0.0|0|0|0|0|0|0|0|0|0|0|0|0|0|0|0|0|3
394|5|"GILLEKENS Jordy"|"FIORENTINA"|1|1|0|0.0|0|0|0.0|0|0|0|0|0|0|0|0|0|0|0|0|0|0|0|0|1
395|5|"GABBIA Matteo"|"MILAN"|0|1|0|0.0|0|0|0.0|0|0|0|0|0|0|0|0|0|0|0|0|0|0|0|0|1
396|5|"BELLANOVA Raoul"|"MILAN"|1|1|0|0.0|0|0|0.0|0|0|0|0|0|0|0|0|0|0|0|0|0|0|0|0|1
397|5|"VRSALJKO Sime"|"INTER"|1|1|0|0.0|0|0|0.0|0|0|0|0|0|0|0|0|0|0|0|0|0|0|0|0|12
398|5|"LOPEZ Lisandro"|"GENOA"|1|1|0|0.0|0|0|0.0|0|0|0|0|0|0|0|0|0|0|0|0|0|0|0|0|5
399|5|"SILVESTRE Matias"|"EMPOLI"|1|1|1|5.0|0|1|5.0|0|0|0|0|0|0|0|0|0|0|0|0|0|0|0|0|8
400|5|"MALCUIT Kevin"|"NAPOLI"|1|1|0|0.0|0|0|0.0|0|0|0|0|0|0|0|0|0|0|0|0|0|0|0|0|5
401|5|"ANDERSON Djavan"|"LAZIO"|0|1|0|0.0|0|0|0.0|0|0|0|0|0|0|0|0|0|0|0|0|0|0|0|0|4
402|5|"FERIGRA Erick"|"TORINO"|1|1|0|0.0|0|0|0.0|0|0|0|0|0|0|0|0|0|0|0|0|0|0|0|0|1
403|5|"CORBO Gabriele"|"BOLOGNA"|1|1|0|0.0|0|0|0.0|0|0|0|0|0|0|0|0|0|0|0|0|0|0|0|0|1
404|5|"BARBA Federico"|"CHIEVO"|1|1|1|5.5|0|1|5.5|0|0|0|0|0|0|0|0|0|0|0|0|0|0|0|0|5
405|5|"AINA Ola"|"TORINO"|1|1|1|5.0|0|1|5.0|0|0|0|0|0|0|0|0|0|0|0|0|0|0|0|0|6
406|5|"DJIDJI Koffi"|"TORINO"|1|1|0|0.0|0|0|0.0|0|0|0|0|0|0|0|0|0|0|0|0|0|0|0|0|6
407|5|"ZAMPANO Francesco"|"FROSINONE"|1|1|1|6.5|0|1|6.5|0|0|0|0|0|0|0|0|0|0|0|0|0|0|0|0|5
408|5|"SIMIC Lorenco"|"SPAL"|1|1|1|5.5|0|1|5.5|0|0|0|0|0|0|0|0|0|0|0|0|0|0|0|0|4
409|5|"MARLON -"|"SASSUOLO"|1|1|1|5.5|0|1|5.5|0|0|0|0|0|0|0|0|0|0|0|0|0|0|0|0|6
410|5|"DJIMSITI Berat"|"ATALANTA"|1|1|0|0.0|0|0|0.0|0|0|0|0|0|0|0|0|0|0|0|0|0|0|0|0|4
411|5|"TROOST-EKONG William"|"UDINESE"|1|1|1|6.5|0|1|6.5|0|0|0|0|0|0|0|0|0|0|0|0|0|0|0|0|8
412|5|"VERGARA Jherson"|"CAGLIARI"|0|1|0|0.0|0|0|0.0|0|0|0|0|0|0|0|0|0|0|0|0|0|0|0|0|2
413|5|"SALVI Matteo"|"SPAL"|1|1|0|0.0|0|0|0.0|0|0|0|0|0|0|0|0|0|0|0|0|0|0|0|0|1
414|5|"FERRARESI Stefano"|"SASSUOLO"|1|1|0|0.0|0|0|0.0|0|0|0|0|0|0|0|0|0|0|0|0|0|0|0|0|1
415|5|"KLAVAN Ragnar"|"CAGLIARI"|1|1|1|6.0|0|1|6.0|0|0|0|0|0|0|0|0|0|0|0|0|0|0|0|0|7
416|5|"RIGIONE Michele"|"CHIEVO"|1|1|0|0.0|0|0|0.0|0|0|0|0|0|0|0|0|0|0|0|0|0|0|0|0|2
417|5|"ROMERO Cristian"|"GENOA"|1|1|0|0.0|0|0|0.0|0|0|0|0|0|0|0|0|0|0|0|0|0|0|0|0|2
418|5|"DI MAGGIO Andrea"|"PARMA"|1|1|0|0.0|0|0|0.0|0|0|0|0|0|0|0|0|0|0|0|0|0|0|0|0|1
500|5|"ACQUAH Afriyie"|"EMPOLI"|1|2|0|0.0|0|0|0.0|0|0|0|0|0|0|0|0|0|0|0|0|0|0|0|0|6
501|5|"ALLAN Marques Loureiro"|"NAPOLI"|1|2|1|6.5|0|1|6.5|0|0|0|0|0|0|0|0|0|0|0|0|0|0|0|0|20
503|5|"BADU Emmanuel"|"UDINESE"|1|2|0|0.0|0|0|0.0|0|0|0|0|0|0|0|0|0|0|0|0|0|0|0|0|4
504|5|"BALIC Andrija"|"UDINESE"|1|2|0|0.0|0|0|0.0|0|0|0|0|0|0|0|0|0|0|0|0|0|0|0|0|5
505|5|"BANDINELLI Filippo"|"SASSUOLO"|0|2|0|0.0|0|0|0.0|0|0|0|0|0|0|0|0|0|0|0|0|0|0|0|0|3
506|5|"BARAK Antonin"|"UDINESE"|1|2|0|0.0|0|0|0.0|0|0|0|0|0|0|0|0|0|0|0|0|0|0|0|0|17
507|5|"BARELLA Nicolò"|"CAGLIARI"|1|2|1|6.0|0|1|6.0|0|0|0|0|0|0|0|0|0|0|0|0|0|0|0|0|19
508|5|"BARILLÀ Antonino"|"PARMA"|1|2|1|5.5|0|1|6.0|0|0|0|0|0|1|0|0|0|0|0|0|0|0|0|0|9
509|5|"BARRETO Edgar"|"SAMPDORIA"|1|2|1|6.0|0|1|6.0|0|0|0|0|0|0|0|0|0|0|0|0|0|0|0|0|9
510|5|"BASELLI Daniele"|"TORINO"|1|2|1|5.0|0|1|5.0|0|0|0|0|0|0|0|0|0|0|0|0|0|0|0|0|13
511|5|"BAUMGARTNER Denis"|"SAMPDORIA"|0|2|0|0.0|0|0|0.0|0|0|0|0|0|0|0|0|0|0|0|0|0|0|0|0|1
512|5|"BEGHETTO Andrea"|"FROSINONE"|1|2|0|0.0|0|0|0.0|0|0|0|0|0|0|0|0|0|0|0|0|0|0|0|0|4
513|5|"BEHRAMI Valon"|"UDINESE"|1|2|1|5.5|0|1|6.0|0|0|0|0|0|1|0|0|0|0|0|0|0|0|0|0|7
514|5|"BENASSI Marco"|"FIORENTINA"|1|2|1|6.0|0|1|6.0|0|0|0|0|0|0|0|0|0|0|0|0|0|0|0|0|20
515|5|"BENNACER Ismael"|"EMPOLI"|1|2|1|5.5|0|1|5.5|0|0|0|0|0|0|0|0|0|0|0|0|0|0|0|0|9
516|5|"BENTANCUR Rodrigo"|"JUVENTUS"|1|2|1|4.5|0|1|5.0|0|0|0|0|0|1|0|0|0|0|0|0|0|0|0|0|8
517|5|"BERENGUER Alex"|"TORINO"|1|2|1|5.5|0|1|5.5|0|0|0|0|0|0|0|0|0|0|0|0|0|0|0|0|7
518|5|"BERISHA Valon"|"LAZIO"|1|2|0|0.0|0|0|0.0|0|0|0|0|0|0|0|0|0|0|0|0|0|0|0|0|10
519|5|"BERNARDESCHI Federico"|"JUVENTUS"|1|2|1|11.5|0|1|7.5|1|0|0|0|0|0|0|0|0|0|0|0|0|0|0|0|21
520|5|"BERTOLACCI Andrea"|"MILAN"|1|2|0|0.0|0|0|0.0|0|0|0|0|0|0|0|0|0|0|0|0|0|0|0|0|8
521|5|"BESEA Emmanuel"|"FROSINONE"|1|2|0|0.0|0|0|0.0|0|0|0|0|0|0|0|0|0|0|0|0|0|0|0|0|2
522|5|"BESSA Daniel"|"GENOA"|1|2|1|5.0|0|1|5.5|0|0|0|0|0|1|0|0|0|0|0|0|0|0|0|0|12
523|5|"BIGLIA Lucas"|"MILAN"|1|2|1|6.0|0|1|6.0|0|0|0|0|0|0|0|0|0|0|0|0|0|0|0|0|13
524|5|"BIRSA Valter"|"CHIEVO"|1|2|1|5.0|0|1|5.0|0|0|0|0|0|0|0|0|0|0|0|0|0|0|0|0|16
525|5|"BOATENG Kevin-Prince"|"SASSUOLO"|1|2|1|10.5|0|1|6.5|1|0|0|0|0|0|0|0|0|0|0|0|0|0|0|0|20
526|5|"BONAVENTURA Giacomo"|"MILAN"|1|2|1|11.0|0|1|7.0|1|0|0|0|0|0|0|0|0|0|0|0|0|0|0|0|24
527|5|"BORINI Fabio"|"MILAN"|1|2|0|0.0|0|0|0.0|0|0|0|0|0|0|0|0|0|0|0|0|0|0|0|0|8
528|5|"BORJA VALERO Iglesias"|"INTER"|1|2|0|0.0|0|0|0.0|0|0|0|0|0|1|0|0|0|0|0|0|0|0|0|0|8
529|5|"BOURABIA Mehdi"|"SASSUOLO"|1|2|1|6.5|0|1|6.5|0|0|0|0|0|0|0|0|0|0|0|0|0|0|0|0|7
530|5|"BRIGHI Matteo"|"EMPOLI"|1|2|0|0.0|0|0|0.0|0|0|0|0|0|0|0|0|0|0|0|0|0|0|0|0|4
531|5|"BROZOVIC Marcelo"|"INTER"|1|2|1|10.5|0|1|6.5|1|0|0|0|0|0|0|0|0|0|0|0|0|0|0|0|18
532|5|"CALHANOGLU Hakan"|"MILAN"|1|2|1|5.5|0|1|5.5|0|0|0|0|0|0|0|0|0|0|0|0|0|0|0|0|21
533|5|"CALIGARA Fabrizio"|"CAGLIARI"|0|2|0|0.0|0|0|0.0|0|0|0|0|0|0|0|0|0|0|0|0|0|0|0|0|1
534|5|"CALLEGARI Lorenzo"|"GENOA"|0|2|0|0.0|0|0|0.0|0|0|0|0|0|0|0|0|0|0|0|0|0|0|0|0|1
535|5|"CAN Emre"|"JUVENTUS"|1|2|1|5.5|0|1|5.5|0|0|0|0|0|0|0|0|0|0|0|0|0|0|0|0|18
536|5|"CANDREVA Antonio"|"INTER"|1|2|1|7.0|0|1|7.0|0|0|0|0|0|0|0|0|0|0|0|0|0|0|0|0|15
537|5|"CAPEZZI Leonardo"|"EMPOLI"|1|2|1|5.5|0|1|6.0|0|0|0|0|0|1|0|0|0|0|0|0|0|0|0|0|6
538|5|"CASSATA Francesco"|"FROSINONE"|1|2|0|0.0|0|0|0.0|0|0|0|0|0|0|0|0|0|0|0|0|0|0|0|0|4
539|5|"CASTRO Lucas"|"CAGLIARI"|1|2|1|6.0|0|1|6.0|0|0|0|0|0|0|0|0|0|0|0|0|0|0|0|0|14
540|5|"CATALDI Danilo"|"LAZIO"|1|2|0|0.0|0|0|0.0|0|0|0|0|0|0|0|0|0|0|0|0|0|0|0|0|5
541|5|"CHIBSAH Raman"|"FROSINONE"|1|2|1|6.5|0|1|6.5|0|0|0|0|0|0|0|0|0|0|0|0|0|0|0|0|7
542|5|"CHIESA Federico"|"FIORENTINA"|1|2|1|11.5|0|1|7.5|1|0|0|0|0|0|0|0|0|0|0|0|0|0|0|0|25
543|5|"CIGARINI Luca"|"CAGLIARI"|1|2|0|0.0|0|0|0.0|0|0|0|0|0|0|0|0|0|0|0|0|0|0|0|0|8
544|5|"COLOMBATTO Santiago"|"CAGLIARI"|0|2|0|0.0|0|0|0.0|0|0|0|0|0|0|0|0|0|0|0|0|0|0|0|0|3
545|5|"CORIC Ante"|"ROMA"|1|2|0|0.0|0|0|0.0|0|0|0|0|0|0|0|0|0|0|0|0|0|0|0|0|8
546|5|"COULIBALY Mamadou"|"UDINESE"|1|2|0|0.0|0|0|0.0|0|0|0|0|0|0|0|0|0|0|0|0|0|0|0|0|3
547|5|"CRISETIG Lorenzo"|"FROSINONE"|1|2|1|5.5|0|1|5.5|0|0|0|0|0|0|0|0|0|0|0|0|0|0|0|0|4
548|5|"CRISTANTE Bryan"|"ROMA"|1|2|1|4.5|0|1|5.0|0|0|0|0|0|1|0|0|0|0|0|0|0|0|0|0|22
549|5|"CRISTOFORO Sebastian"|"FIORENTINA"|0|2|0|0.0|0|0|0.0|0|0|0|0|0|0|0|0|0|0|0|0|0|0|0|0|3
550|5|"CUADRADO Juan"|"JUVENTUS"|1|2|1|5.0|0|1|5.0|0|0|0|0|0|0|0|0|0|0|0|0|0|0|0|0|19
551|5|"D'ALESSANDRO Marco"|"UDINESE"|1|2|0|0.0|0|0|0.0|0|0|0|0|0|0|0|0|0|0|0|0|0|0|0|0|6
552|5|"DABO Bryan"|"FIORENTINA"|1|2|0|0.0|0|0|0.0|0|0|0|0|0|0|0|0|0|0|0|0|0|0|0|0|9
553|5|"DE PAUL Rodrigo"|"UDINESE"|1|2|1|13.0|0|1|8.0|1|0|0|0|1|0|0|0|0|0|0|0|0|0|0|0|24
554|5|"DE ROON Marten"|"ATALANTA"|1|2|1|6.0|0|1|6.0|0|0|0|0|0|0|0|0|0|0|0|0|0|0|0|0|12
555|5|"DE ROSSI Daniele"|"ROMA"|1|2|1|5.0|0|1|5.5|0|0|0|0|0|1|0|0|0|0|0|0|0|0|0|0|11
556|5|"DEIOLA Alessandro"|"PARMA"|1|2|1|6.0|0|1|6.0|0|0|0|0|0|0|0|0|0|0|0|0|0|0|0|0|4
557|5|"DEPAOLI Fabio"|"CHIEVO"|1|2|0|0.0|0|0|0.0|0|0|0|0|0|0|0|0|0|0|0|0|0|0|0|0|6
558|5|"DESSENA Daniele"|"CAGLIARI"|1|2|0|0.0|0|0|0.0|0|0|0|0|0|0|0|0|0|0|0|0|0|0|0|0|5
559|5|"DEZI Jacopo"|"PARMA"|1|2|0|0.0|0|0|0.0|0|0|0|0|0|0|0|0|0|0|0|0|0|0|0|0|7
560|5|"DI GENNARO Davide"|"LAZIO"|0|2|0|0.0|0|0|0.0|0|0|0|0|0|0|0|0|0|0|0|0|0|0|0|0|3
561|5|"DIAWARA Amadou"|"NAPOLI"|1|2|0|0.0|0|0|0.0|0|0|0|0|0|0|0|0|0|0|0|0|0|0|0|0|9
562|5|"DJURICIC Filip"|"SASSUOLO"|1|2|0|0.0|0|0|0.0|0|0|0|0|0|0|0|0|0|0|0|0|0|0|0|0|8
563|5|"DONSAH Godfred"|"BOLOGNA"|1|2|0|0.0|0|0|0.0|0|0|0|0|0|0|0|0|0|0|0|0|0|0|0|0|7
564|5|"DOUGLAS COSTA de Souza"|"JUVENTUS"|1|2|0|0.0|0|0|0.0|0|0|0|0|0|0|0|0|0|0|0|0|0|0|0|0|23
565|5|"DUNCAN Alfred"|"SASSUOLO"|1|2|1|7.0|0|1|7.0|0|0|0|0|0|0|0|0|0|0|0|0|0|0|0|0|10
566|5|"DZEMAILI Blerim"|"BOLOGNA"|1|2|1|5.5|0|1|5.5|0|0|0|0|0|0|0|0|0|0|0|0|0|0|0|0|10
567|5|"EMMERS Xian"|"INTER"|0|2|0|0.0|0|0|0.0|0|0|0|0|0|0|0|0|0|0|0|0|0|0|0|0|1
568|5|"EVANGELISTA Lucas"|"UDINESE"|0|2|0|0.0|0|0|0.0|0|0|0|0|0|0|0|0|0|0|0|0|0|0|0|0|5
569|5|"EVERTON LUIZ Guimaraes Bilher"|"SPAL"|1|2|0|0.0|0|0|0.0|0|0|0|0|0|0|0|0|0|0|0|0|0|0|0|0|5
570|5|"EYSSERIC Valentin"|"FIORENTINA"|1|2|0|0.0|0|0|0.0|0|0|0|0|0|0|0|0|0|0|0|0|0|0|0|0|11
571|5|"FARES Mohamed"|"SPAL"|1|2|1|4.0|0|1|4.0|0|0|0|0|0|0|0|0|0|0|0|0|0|0|0|0|5
572|5|"FOFANA Seko"|"UDINESE"|1|2|1|6.5|0|1|6.5|0|0|0|0|0|0|0|0|0|0|0|0|0|0|0|0|14
573|5|"FRATTESI Davide"|"SASSUOLO"|0|2|0|0.0|0|0|0.0|0|0|0|0|0|0|0|0|0|0|0|0|0|0|0|0|1
574|5|"FREDIANI Marco"|"PARMA"|0|2|0|0.0|0|0|0.0|0|0|0|0|0|0|0|0|0|0|0|0|0|0|0|0|1
575|5|"FREULER Remo"|"ATALANTA"|1|2|1|6.0|0|1|6.0|0|0|0|0|0|0|0|0|0|0|0|0|0|0|0|0|16
576|5|"GAGLIARDINI Roberto"|"INTER"|1|2|0|0.0|0|0|0.0|0|0|0|0|0|0|0|0|0|0|0|0|0|0|0|0|10
577|5|"GARRITANO Luca"|"CHIEVO"|0|2|0|0.0|0|0|0.0|0|0|0|0|0|0|0|0|0|0|0|0|0|0|0|0|5
578|5|"GAUDINO Gianluca"|"CHIEVO"|0|2|0|0.0|0|0|0.0|0|0|0|0|0|0|0|0|0|0|0|0|0|0|0|0|4
579|5|"GERSON Santos Da Silva"|"FIORENTINA"|1|2|1|7.0|0|1|7.0|0|0|0|0|0|0|0|0|0|0|0|0|0|0|0|0|10
580|5|"GIACCHERINI Emanuele"|"CHIEVO"|1|2|1|5.0|0|1|5.5|0|0|0|0|0|1|0|0|0|0|0|0|0|0|0|0|18
581|5|"GIORNO Francesco"|"PARMA"|0|2|0|0.0|0|0|0.0|0|0|0|0|0|0|0|0|0|0|0|0|0|0|0|0|1
582|5|"GONALONS Maxime"|"ROMA"|0|2|0|0.0|0|0|0.0|0|0|0|0|0|0|0|0|0|0|0|0|0|0|0|0|6
583|5|"GORI Mirko"|"FROSINONE"|1|2|0|0.0|0|0|0.0|0|0|0|0|0|0|0|0|0|0|0|0|0|0|0|0|3
584|5|"GRASSI Alberto"|"PARMA"|1|2|0|0.0|0|0|0.0|0|0|0|0|0|0|0|0|0|0|0|0|0|0|0|0|9
585|5|"HAAS Nicolas"|"ATALANTA"|0|2|0|0.0|0|0|0.0|0|0|0|0|0|0|0|0|0|0|0|0|0|0|0|0|3
586|5|"HALILOVIC Alen"|"MILAN"|1|2|0|0.0|0|0|0.0|0|0|0|0|0|0|0|0|0|0|0|0|0|0|0|0|7
587|5|"HALLFREDSSON Emil"|"FROSINONE"|1|2|1|6.0|0|1|6.0|0|0|0|0|0|0|0|0|0|0|0|0|0|0|0|0|5
588|5|"HAMSIK Marek"|"NAPOLI"|1|2|1|6.5|0|1|6.5|0|0|0|0|0|0|0|0|0|0|0|0|0|0|0|0|21
589|5|"HETEMAJ Perparim"|"CHIEVO"|1|2|0|0.0|0|0|0.0|0|0|0|0|0|0|0|0|0|0|0|0|0|0|0|0|10
590|5|"HILJEMARK Oscar"|"GENOA"|1|2|1|5.0|0|1|5.0|0|0|0|0|0|0|0|0|0|0|0|0|0|0|0|0|8
591|5|"INGELSSON Svante"|"UDINESE"|1|2|0|0.0|0|0|0.0|0|0|0|0|0|0|0|0|0|0|0|0|0|0|0|0|3
592|5|"IONITA Artur"|"CAGLIARI"|1|2|1|5.5|0|1|5.5|0|0|0|0|0|0|0|0|0|0|0|0|0|0|0|0|8
593|5|"JANKTO Jakub"|"SAMPDORIA"|1|2|1|5.0|0|1|5.0|0|0|0|0|0|0|0|0|0|0|0|0|0|0|0|0|14
594|5|"JOAO PEDRO Geraldino Galvao"|"CAGLIARI"|1|2|1|6.0|0|1|6.0|0|0|0|0|0|0|0|0|0|0|0|0|0|0|0|0|17
595|5|"KATUMA Aron"|"SPAL"|1|2|0|0.0|0|0|0.0|0|0|0|0|0|0|0|0|0|0|0|0|0|0|0|0|1
596|5|"KESSIE Franck"|"MILAN"|1|2|1|5.0|0|1|5.0|0|0|0|0|0|0|0|0|0|0|0|0|0|0|0|0|18
597|5|"KHEDIRA Sami"|"JUVENTUS"|1|2|0|0.0|0|0|0.0|0|0|0|0|0|0|0|0|0|0|0|0|0|0|0|0|23
598|5|"KINGSLEY Michael"|"BOLOGNA"|0|2|0|0.0|0|0|0.0|0|0|0|0|0|0|0|0|0|0|0|0|0|0|0|0|1
599|5|"KIYINE Sofian"|"CHIEVO"|1|2|0|0.0|0|0|0.0|0|0|0|0|0|0|0|0|0|0|0|0|0|0|0|0|5
600|5|"KONÉ Moussa"|"FROSINONE"|0|2|0|0.0|0|0|0.0|0|0|0|0|0|0|0|0|0|0|0|0|0|0|0|0|4
601|5|"KREJCI Ladislav"|"BOLOGNA"|1|2|1|6.0|0|1|6.0|0|0|0|0|0|0|0|0|0|0|0|0|0|0|0|0|6
602|5|"KRUNIC Rade"|"EMPOLI"|1|2|1|5.5|0|1|6.0|0|0|0|0|0|1|0|0|0|0|0|0|0|0|0|0|13
603|5|"KULUSEVSKI Dejan"|"ATALANTA"|1|2|0|0.0|0|0|0.0|0|0|0|0|0|0|0|0|0|0|0|0|0|0|0|0|1
604|5|"KURTIC Jasmin"|"SPAL"|1|2|1|5.0|0|1|5.5|0|0|0|0|0|1|0|0|0|0|0|0|0|0|0|0|12
605|5|"LAXALT Diego"|"MILAN"|1|2|0|0.0|0|0|0.0|0|0|0|0|0|0|0|0|0|0|0|0|0|0|0|0|11
606|5|"LAZOVIC Darko"|"GENOA"|1|2|1|5.5|0|1|5.5|0|0|0|0|0|0|0|0|0|0|0|0|0|0|0|0|5
607|5|"LAZZARI Manuel"|"SPAL"|1|2|1|6.0|0|1|6.0|0|0|0|0|0|0|0|0|0|0|0|0|0|0|0|0|15
608|5|"LEIVA Lucas"|"LAZIO"|1|2|1|7.0|0|1|7.0|0|0|0|0|0|0|0|0|0|0|0|0|0|0|0|0|16
609|5|"LINETTY Karol"|"SAMPDORIA"|1|2|1|4.5|0|1|5.0|0|0|0|0|0|1|0|0|0|0|0|0|0|0|0|0|13
610|5|"LJAJIC Adem"|"TORINO"|0|2|0|0.0|0|0|0.0|0|0|0|0|0|0|0|0|0|0|0|0|0|0|0|0|22
611|5|"LOCATELLI Manuel"|"SASSUOLO"|1|2|1|6.0|0|1|6.0|0|0|0|0|0|0|0|0|0|0|0|0|0|0|0|0|6
612|5|"LOLLO Lorenzo"|"EMPOLI"|1|2|0|0.0|0|0|0.0|0|0|0|0|0|0|0|0|0|0|0|0|0|0|0|0|4
613|5|"LUKIC Sasa"|"TORINO"|1|2|0|0.0|0|0|0.0|0|0|0|0|0|0|0|0|0|0|0|0|0|0|0|0|4
614|5|"LULIC Senad"|"LAZIO"|1|2|1|7.5|0|1|6.5|0|0|0|0|1|0|0|0|0|0|0|0|0|0|0|0|16
615|5|"MAGNANELLI Francesco"|"SASSUOLO"|1|2|0|0.0|0|0|0.0|0|0|0|0|0|0|0|0|0|0|0|0|0|0|0|0|7
616|5|"MAIELLO Raffaele"|"FROSINONE"|1|2|1|6.0|0|1|6.0|0|0|0|0|0|0|0|0|0|0|0|0|0|0|0|0|5
617|5|"MANDRAGORA Rolando"|"UDINESE"|1|2|1|6.0|0|1|6.0|0|0|0|0|0|0|0|0|0|0|0|0|0|0|0|0|11
618|5|"MARCHISIO Claudio"|"JUVENTUS"|0|2|0|0.0|0|0|0.0|0|0|0|0|0|0|0|0|0|0|0|0|0|0|0|0|6
619|5|"MATUIDI Blaise"|"JUVENTUS"|1|2|0|0.0|0|0|0.0|0|0|0|0|0|0|0|0|0|0|0|0|0|0|0|0|18
620|5|"MAURI Josè"|"MILAN"|1|2|0|0.0|0|0|0.0|0|0|0|0|0|0|0|0|0|0|0|0|0|0|0|0|3
621|5|"MAZZITELLI Luca"|"GENOA"|1|2|0|0.0|0|0|0.0|0|0|0|0|0|0|0|0|0|0|0|0|0|0|0|0|6
622|5|"MEITE Soualiho"|"TORINO"|1|2|1|5.0|0|1|5.0|0|0|0|0|0|0|0|0|0|0|0|0|0|0|0|0|12
623|5|"MILINKOVIC Sergej"|"LAZIO"|1|2|1|12.0|0|1|7.0|1|0|0|0|1|0|0|0|0|0|0|0|0|0|0|0|28
624|5|"MINALA Joseph"|"LAZIO"|1|2|0|0.0|0|0|0.0|0|0|0|0|0|0|0|0|0|0|0|0|0|0|0|0|4
625|5|"MISSIROLI Simone"|"SPAL"|1|2|1|5.0|0|1|5.0|0|0|0|0|0|0|0|0|0|0|0|0|0|0|0|0|8
626|5|"MONTOLIVO Riccardo"|"MILAN"|1|2|0|0.0|0|0|0.0|0|0|0|0|0|0|0|0|0|0|0|0|0|0|0|0|4
627|5|"MURGIA Alessandro"|"LAZIO"|1|2|0|0.0|0|0|0.0|0|0|0|0|0|0|0|0|0|0|0|0|0|0|0|0|4
628|5|"NAGY Adam"|"BOLOGNA"|1|2|1|5.5|0|1|5.5|0|0|0|0|0|0|0|0|0|0|0|0|0|0|0|0|4
629|5|"NAINGGOLAN Radja"|"INTER"|1|2|1|6.0|0|1|6.0|0|0|0|0|0|0|0|0|0|0|0|0|0|0|0|0|23
630|5|"OBI Joel"|"CHIEVO"|1|2|1|5.0|0|1|5.0|0|0|0|0|0|0|0|0|0|0|0|0|0|0|0|0|9
631|5|"OMEONGA Stephane"|"GENOA"|1|2|0|0.0|0|0|0.0|0|0|0|0|0|0|0|0|0|0|0|0|0|0|0|0|4
632|5|"PADOIN Simone"|"CAGLIARI"|1|2|0|0.0|0|0|0.0|0|0|0|0|0|0|0|0|0|0|0|0|0|0|0|0|7
633|5|"PAGANINI Luca"|"FROSINONE"|1|2|0|0.0|0|0|0.0|0|0|0|0|0|0|0|0|0|0|0|0|0|0|0|0|4
634|5|"PARIGINI Vittorio"|"TORINO"|1|2|1|6.0|0|1|6.0|0|0|0|0|0|0|0|0|0|0|0|0|0|0|0|0|5
635|5|"PAROLO Marco"|"LAZIO"|1|2|1|7.5|0|1|6.5|0|0|0|0|1|0|0|0|0|0|0|0|0|0|0|0|17
636|5|"PASTORE Javier"|"ROMA"|1|2|1|5.0|0|1|5.0|0|0|0|0|0|0|0|0|0|0|0|0|0|0|0|0|23
637|5|"PELLEGRINI Lorenzo"|"ROMA"|1|2|1|4.5|0|1|5.0|0|0|0|0|0|1|0|0|0|0|0|0|0|0|0|0|14
638|5|"PERISIC Ivan"|"INTER"|1|2|1|6.0|0|1|6.0|0|0|0|0|0|0|0|0|0|0|0|0|0|0|0|0|27
639|5|"PEROTTI Diego"|"ROMA"|1|2|1|6.0|0|1|6.0|0|0|0|0|0|0|0|0|0|0|0|0|0|0|0|0|17
640|5|"PESSINA Matteo"|"ATALANTA"|1|2|0|0.0|0|0|0.0|0|0|0|0|0|0|0|0|0|0|0|0|0|0|0|0|4
641|5|"PJANIC Miralem"|"JUVENTUS"|1|2|1|6.5|0|1|6.5|0|0|0|0|0|0|0|0|0|0|0|0|0|0|0|0|24
642|5|"POLI Andrea"|"BOLOGNA"|1|2|0|0.0|0|0|0.0|0|0|0|0|0|0|0|0|0|0|0|0|0|0|0|0|9
643|5|"PONTISSO Simone"|"UDINESE"|1|2|0|0.0|0|0|0.0|0|0|0|0|0|0|0|0|0|0|0|0|0|0|0|0|1
644|5|"PRAET Dennis"|"SAMPDORIA"|1|2|1|6.0|0|1|6.0|0|0|0|0|0|0|0|0|0|0|0|0|0|0|0|0|13
645|5|"PULGAR Erick"|"BOLOGNA"|1|2|0|0.0|0|0|0.0|0|0|0|0|0|0|0|0|0|0|0|0|0|0|0|0|8
646|5|"RADOVANOVIC Ivan"|"CHIEVO"|1|2|1|5.5|0|1|5.5|0|0|0|0|0|0|0|0|0|0|0|0|0|0|0|0|8
647|5|"RAMIREZ Gastón"|"SAMPDORIA"|1|2|1|5.0|0|1|5.0|0|0|0|0|0|0|0|0|0|0|0|0|0|0|0|0|14
648|5|"RICCARDI Alessio"|"ROMA"|1|2|0|0.0|0|0|0.0|0|0|0|0|0|0|0|0|0|0|0|0|0|0|0|0|1
649|5|"RIGONI Luca"|"PARMA"|1|2|1|6.5|0|1|6.5|0|0|0|0|0|0|0|0|0|0|0|0|0|0|0|0|8
650|5|"RIGONI Nicola"|"CHIEVO"|1|2|1|5.5|0|1|5.5|0|0|0|0|0|0|0|0|0|0|0|0|0|0|0|0|6
651|5|"RINCON Tomas"|"TORINO"|1|2|1|4.5|0|1|5.0|0|0|0|0|0|1|0|0|0|0|0|0|0|0|0|0|8
652|5|"RIZZO Luca"|"BOLOGNA"|0|2|0|0.0|0|0|0.0|0|0|0|0|0|0|0|0|0|0|0|0|0|0|0|0|4
653|5|"ROG Marko"|"NAPOLI"|1|2|1|5.5|0|1|6.0|0|0|0|0|0|1|0|0|0|0|0|0|0|0|0|0|5
654|5|"ROMULO Orestes"|"GENOA"|1|2|1|6.0|0|1|6.0|0|0|0|0|0|0|0|0|0|0|0|0|0|0|0|0|12
655|5|"RUIZ Fabian"|"NAPOLI"|1|2|0|0.0|0|0|0.0|0|0|0|0|0|0|0|0|0|0|0|0|0|0|0|0|13
656|5|"SAMMARCO Paolo"|"FROSINONE"|1|2|0|0.0|0|0|0.0|0|0|0|0|0|0|0|0|0|0|0|0|0|0|0|0|4
657|5|"SANCHEZ Carlos"|"FIORENTINA"|0|2|0|0.0|0|0|0.0|0|0|0|0|0|0|0|0|0|0|0|0|0|0|0|0|5
658|5|"SANDRO Raniere"|"GENOA"|1|2|1|5.5|0|1|5.5|0|0|0|0|0|0|0|0|0|0|0|0|0|0|0|0|12
659|5|"SAPONARA Riccardo"|"SAMPDORIA"|1|2|0|0.0|0|0|0.0|0|0|0|0|0|0|0|0|0|0|0|0|0|0|0|0|12
660|5|"SCAVONE Manuel"|"PARMA"|0|2|0|0.0|0|0|0.0|0|0|0|0|0|0|0|0|0|0|0|0|0|0|0|0|6
661|5|"SCHETINO Andres"|"FIORENTINA"|0|2|0|0.0|0|0|0.0|0|0|0|0|0|0|0|0|0|0|0|0|0|0|0|0|2
662|5|"SCHIATTARELLA Pasquale"|"SPAL"|1|2|1|4.0|0|1|4.5|0|0|0|0|0|1|0|0|0|0|0|0|0|0|0|0|11
663|5|"SCOZZARELLA Matteo"|"PARMA"|1|2|0|0.0|0|0|0.0|0|0|0|0|0|0|0|0|0|0|0|0|0|0|0|0|4
664|5|"SENSI Stefano"|"SASSUOLO"|1|2|1|6.0|0|1|6.0|0|0|0|0|0|0|0|0|0|0|0|0|0|0|0|0|7
665|5|"SODDIMO Danilo"|"FROSINONE"|1|2|0|0.0|0|0|0.0|0|0|0|0|0|0|0|0|0|0|0|0|0|0|0|0|6
666|5|"STIJEPOVIC Ognjen"|"SAMPDORIA"|1|2|0|0.0|0|0|0.0|0|0|0|0|0|0|0|0|0|0|0|0|0|0|0|0|1
667|5|"STROOTMAN Kevin"|"ROMA"|0|2|0|0.0|0|0|0.0|0|0|0|0|0|0|0|0|0|0|0|0|0|0|0|0|13
668|5|"STULAC Leo"|"PARMA"|1|2|1|6.0|0|1|6.0|0|0|0|0|0|0|0|0|0|0|0|0|0|0|0|0|11
669|5|"STURARO Stefano"|"JUVENTUS"|0|2|0|0.0|0|0|0.0|0|0|0|0|0|0|0|0|0|0|0|0|0|0|0|0|4
670|5|"SVANBERG Mattias"|"BOLOGNA"|1|2|1|6.5|0|1|6.5|0|0|0|0|0|0|0|0|0|0|0|0|0|0|0|0|4
671|5|"TESSIORE Andrea"|"SAMPDORIA"|0|2|0|0.0|0|0|0.0|0|0|0|0|0|0|0|0|0|0|0|0|0|0|0|0|1
672|5|"TRAORÉ Hamed Junior"|"EMPOLI"|1|2|0|0.0|0|0|0.0|0|0|0|0|0|0|0|0|0|0|0|0|0|0|0|0|4
673|5|"VALDIFIORI Mirko"|"SPAL"|1|2|0|0.0|0|0|0.0|0|0|0|0|0|0|0|0|0|0|0|0|0|0|0|0|5
674|5|"VALENCIA Juan Manuel"|"BOLOGNA"|1|2|0|0.0|0|0|0.0|0|0|0|0|0|0|0|0|0|0|0|0|0|0|0|0|2
675|5|"VALOTI Mattia"|"SPAL"|1|2|1|6.0|0|1|6.0|0|0|0|0|0|0|0|0|0|0|0|0|0|0|0|0|7
676|5|"VALZANIA Luca"|"ATALANTA"|1|2|0|0.0|0|0|0.0|0|0|0|0|0|0|0|0|0|0|0|0|0|0|0|0|5
677|5|"VECINO Matias"|"INTER"|1|2|1|6.0|0|1|6.0|0|0|0|0|0|0|0|0|0|0|0|0|0|0|0|0|12
678|5|"VERETOUT Jordan"|"FIORENTINA"|1|2|1|8.0|0|1|7.0|0|0|0|0|1|0|0|0|0|0|0|0|0|0|0|0|18
679|5|"VERRE Valerio"|"SAMPDORIA"|0|2|0|0.0|0|0|0.0|0|0|0|0|0|0|0|0|0|0|0|0|0|0|0|0|4
680|5|"VIGNATO Emanuel"|"CHIEVO"|1|2|0|0.0|0|0|0.0|0|0|0|0|0|0|0|0|0|0|0|0|0|0|0|0|1
681|5|"VITALE Mattia"|"SPAL"|1|2|0|0.0|0|0|0.0|0|0|0|0|0|0|0|0|0|0|0|0|0|0|0|0|2
682|5|"VIVIANI Federico"|"SPAL"|1|2|0|0.0|0|0|0.0|0|0|0|0|0|0|0|0|0|0|0|0|0|0|0|0|10
683|5|"YOUNES Amin"|"NAPOLI"|1|2|0|0.0|0|0|0.0|0|0|0|0|0|0|0|0|0|0|0|0|0|0|0|0|10
684|5|"ZAJC Miha"|"EMPOLI"|1|2|1|4.0|0|1|5.0|0|0|0|0|0|0|1|0|0|0|0|0|0|0|0|0|13
685|5|"ZANIOLO Nicolò"|"ROMA"|1|2|0|0.0|0|0|0.0|0|0|0|0|0|0|0|0|0|0|0|0|0|0|0|0|1
686|5|"ZIELINSKI Piotr"|"NAPOLI"|1|2|1|6.5|0|1|6.5|0|0|0|0|0|0|0|0|0|0|0|0|0|0|0|0|21
687|5|"ÜNDER Cengiz"|"ROMA"|1|2|1|5.5|0|1|5.5|0|0|0|0|0|0|0|0|0|0|0|0|0|0|0|0|24
688|5|"PEETERS Daouda"|"SAMPDORIA"|1|2|0|0.0|0|0|0.0|0|0|0|0|0|0|0|0|0|0|0|0|0|0|0|0|1
689|5|"NORGAARD Christian"|"FIORENTINA"|1|2|0|0.0|0|0|0.0|0|0|0|0|0|0|0|0|0|0|0|0|0|0|0|0|6
690|5|"NETO Pedro"|"LAZIO"|1|2|0|0.0|0|0|0.0|0|0|0|0|0|0|0|0|0|0|0|0|0|0|0|0|1
691|5|"JORDAO Bruno"|"LAZIO"|1|2|0|0.0|0|0|0.0|0|0|0|0|0|0|0|0|0|0|0|0|0|0|0|0|1
692|5|"JOAO MARIO -"|"INTER"|1|2|0|0.0|0|0|0.0|0|0|0|0|0|0|0|0|0|0|0|0|0|0|0|0|11
693|5|"PASALIC Mario"|"ATALANTA"|1|2|1|5.0|0|1|5.0|0|0|0|0|0|0|0|0|0|0|0|0|0|0|0|0|15
694|5|"BRADARIC Filip"|"CAGLIARI"|1|2|1|6.0|0|1|6.0|0|0|0|0|0|0|0|0|0|0|0|0|0|0|0|0|10
695|5|"CORREA Carlos Joaquin"|"LAZIO"|1|2|1|5.5|0|1|5.5|0|0|0|0|0|0|0|0|0|0|0|0|0|0|0|0|13
696|5|"BADELJ Milan"|"LAZIO"|1|2|1|5.5|0|1|6.0|0|0|0|0|0|1|0|0|0|0|0|0|0|0|0|0|10
697|5|"VIEIRA Ronaldo"|"SAMPDORIA"|1|2|0|0.0|0|0|0.0|0|0|0|0|0|0|0|0|0|0|0|0|0|0|0|0|7
698|5|"NIKOLIC Lazar"|"SPAL"|1|2|0|0.0|0|0|0.0|0|0|0|0|0|0|0|0|0|0|0|0|0|0|0|0|1
699|5|"ROLON Esteban"|"GENOA"|1|2|0|0.0|0|0|0.0|0|0|0|0|0|0|0|0|0|0|0|0|0|0|0|0|4
700|5|"FURLAN Federico"|"SAMPDORIA"|0|2|0|0.0|0|0|0.0|0|0|0|0|0|0|0|0|0|0|0|0|0|0|0|0|5
701|5|"FERNANDES Edimilson"|"FIORENTINA"|1|2|0|0.0|0|0|0.0|0|0|0|0|0|0|0|0|0|0|0|0|0|0|0|0|7
702|5|"EKDAL Albin"|"SAMPDORIA"|1|2|1|6.0|0|1|6.0|0|0|0|0|0|0|0|0|0|0|0|0|0|0|0|0|10
703|5|"CARRIERO Giuseppe"|"PARMA"|1|2|0|0.0|0|0|0.0|0|0|0|0|0|0|0|0|0|0|0|0|0|0|0|0|1
704|5|"N'ZONZI Steven"|"ROMA"|1|2|0|0.0|0|0|0.0|0|0|0|0|0|0|0|0|0|0|0|0|0|0|0|0|12
705|5|"VLOET Rai"|"FROSINONE"|1|2|0|0.0|0|0|0.0|0|0|0|0|0|0|0|0|0|0|0|0|0|0|0|0|7
706|5|"BAKAYOKO Tiemoué"|"MILAN"|1|2|1|5.5|0|1|5.5|0|0|0|0|0|0|0|0|0|0|0|0|0|0|0|0|11
707|5|"CASTILLEJO Samu"|"MILAN"|1|2|0|0.0|0|0|0.0|0|0|0|0|0|0|0|0|0|0|0|0|0|0|0|0|14
708|5|"BURRUCHAGA Mauro"|"CHIEVO"|1|2|0|0.0|0|0|0.0|0|0|0|0|0|0|0|0|0|0|0|0|0|0|0|0|1
709|5|"ESPOSITO Salvatore"|"SPAL"|1|2|0|0.0|0|0|0.0|0|0|0|0|0|0|0|0|0|0|0|0|0|0|0|0|1
710|5|"RIGONI Emiliano"|"ATALANTA"|1|2|1|11.0|0|1|7.0|1|0|0|0|0|0|0|0|0|0|0|0|0|0|0|0|18
711|5|"COLPANI Andrea"|"ATALANTA"|1|2|0|0.0|0|0|0.0|0|0|0|0|0|0|0|0|0|0|0|0|0|0|0|0|1
712|5|"SORIANO Roberto"|"TORINO"|1|2|1|5.5|0|1|5.5|0|0|0|0|0|0|0|0|0|0|0|0|0|0|0|0|15
713|5|"UCAN Salih"|"EMPOLI"|1|2|0|0.0|0|0|0.0|0|0|0|0|0|0|0|0|0|0|0|0|0|0|0|0|5
714|5|"MUNARI Gianni"|"PARMA"|1|2|0|0.0|0|0|0.0|0|0|0|0|0|0|0|0|0|0|0|0|0|0|0|0|4
715|5|"MONTIEL Cristobal"|"FIORENTINA"|1|2|0|0.0|0|0|0.0|0|0|0|0|0|0|0|0|0|0|0|0|0|0|0|0|1
716|5|"ARAMU Mattia"|"TORINO"|0|2|0|0.0|0|0|0.0|0|0|0|0|0|0|0|0|0|0|0|0|0|0|0|0|3
717|5|"ERRICO Andrea"|"FROSINONE"|1|2|0|0.0|0|0|0.0|0|0|0|0|0|0|0|0|0|0|0|0|0|0|0|0|1
800|5|"ANDRÉ SILVA Miguel Valente"|"MILAN"|0|3|0|0.0|0|0|0.0|0|0|0|0|0|0|0|0|0|0|0|0|0|0|0|0|15
801|5|"ANTENUCCI Mirco"|"SPAL"|1|3|1|4.0|0|1|4.0|0|0|0|0|0|0|0|0|0|0|0|0|0|0|0|0|18
802|5|"ASENCIO Raúl"|"GENOA"|0|3|0|0.0|0|0|0.0|0|0|0|0|0|0|0|0|0|0|0|0|0|0|0|0|7
803|5|"AVENATTI Felipe"|"BOLOGNA"|0|3|0|0.0|0|0|0.0|0|0|0|0|0|0|0|0|0|0|0|0|0|0|0|0|5
804|5|"BABACAR Khouma El"|"SASSUOLO"|1|3|1|6.5|0|1|6.5|0|0|0|0|0|0|0|0|0|0|0|0|0|0|0|0|20
805|5|"BACCA Carlos"|"MILAN"|0|3|0|0.0|0|0|0.0|0|0|0|0|0|0|0|0|0|0|0|0|0|0|0|0|16
806|5|"BAEZ Jaime"|"FIORENTINA"|0|3|0|0.0|0|0|0.0|0|0|0|0|0|0|0|0|0|0|0|0|0|0|0|0|3
807|5|"BARAYE Yves"|"PARMA"|1|3|0|0.0|0|0|0.0|0|0|0|0|0|0|0|0|0|0|0|0|0|0|0|0|5
808|5|"BARROW Musa"|"ATALANTA"|1|3|1|5.0|0|1|5.0|0|0|0|0|0|0|0|0|0|0|0|0|0|0|0|0|12
809|5|"BELOTTI Andrea"|"TORINO"|1|3|1|9.0|0|1|6.0|1|0|0|0|0|0|0|0|0|0|0|0|0|0|0|0|30
810|5|"BERARDI Domenico"|"SASSUOLO"|1|3|1|5.5|0|1|5.5|0|0|0|0|0|0|0|0|0|0|0|0|0|0|0|0|20
811|5|"BUTIC Karlo"|"TORINO"|0|3|0|0.0|0|0|0.0|0|0|0|0|0|0|0|0|0|0|0|0|0|0|0|0|3
812|5|"CAICEDO Felipe"|"LAZIO"|1|3|1|10.0|0|1|7.0|1|0|0|0|0|0|0|0|0|0|0|0|0|0|0|0|11
813|5|"CALAIÒ Emanuele"|"PARMA"|1|3|0|0.0|0|0|0.0|0|0|0|0|0|0|0|0|0|0|0|0|0|0|0|0|9
814|5|"CALLEJON Jose Maria"|"NAPOLI"|1|3|1|6.5|0|1|6.5|0|0|0|0|0|0|0|0|0|0|0|0|0|0|0|0|26
815|5|"CAPRARI Gianluca"|"SAMPDORIA"|1|3|0|0.0|0|0|0.0|0|0|0|0|0|0|0|0|0|0|0|0|0|0|0|0|13
816|5|"CAPUTO Francesco"|"EMPOLI"|1|3|1|9.5|0|1|6.5|1|0|0|0|0|0|0|0|0|0|0|0|0|0|0|0|20
817|5|"CERAVOLO Fabio"|"PARMA"|1|3|1|5.5|0|1|5.5|0|0|0|0|0|0|0|0|0|0|0|0|0|0|0|0|11
818|5|"CERRI Alberto"|"CAGLIARI"|1|3|1|5.0|0|1|5.0|0|0|0|0|0|0|0|0|0|0|0|0|0|0|0|0|12
819|5|"CIANO Camillo"|"FROSINONE"|1|3|1|5.5|0|1|5.5|0|0|0|0|0|0|0|0|0|0|0|0|0|0|0|0|13
820|5|"CICIRETTI Amato"|"PARMA"|1|3|0|0.0|0|0|0.0|0|0|0|0|0|0|0|0|0|0|0|0|0|0|0|0|9
821|5|"CIOFANI Daniel"|"FROSINONE"|1|3|0|0.0|0|0|0.0|0|0|0|0|0|0|0|0|0|0|0|0|0|0|0|0|12
822|5|"CITRO Nicola"|"FROSINONE"|0|3|0|0.0|0|0|0.0|0|0|0|0|0|0|0|0|0|0|0|0|0|0|0|0|7
823|5|"COLIDIO Facundo"|"INTER"|1|3|0|0.0|0|0|0.0|0|0|0|0|0|0|0|0|0|0|0|0|0|0|0|0|1
824|5|"CORNELIUS Andreas"|"ATALANTA"|0|3|0|0.0|0|0|0.0|0|0|0|0|0|0|0|0|0|0|0|0|0|0|0|0|8
825|5|"CUTRONE Patrick"|"MILAN"|1|3|0|0.0|0|0|0.0|0|0|0|0|0|0|0|0|0|0|0|0|0|0|0|0|25
826|5|"DA CRUZ Alessio"|"PARMA"|1|3|0|0.0|0|0|0.0|0|0|0|0|0|0|0|0|0|0|0|0|0|0|0|0|5
827|5|"DAMASCAN Vitalie"|"TORINO"|1|3|0|0.0|0|0|0.0|0|0|0|0|0|0|0|0|0|0|0|0|0|0|0|0|4
828|5|"DEFREL Gregoire"|"SAMPDORIA"|1|3|1|5.0|0|1|5.5|0|0|0|0|0|1|0|0|0|0|0|0|0|0|0|0|19
829|5|"DESTRO Mattia"|"BOLOGNA"|1|3|0|0.0|0|0|0.0|0|0|0|0|0|0|0|0|0|0|0|0|0|0|0|0|12
830|5|"DI FRANCESCO Federico"|"SASSUOLO"|1|3|1|11.5|0|1|7.0|1|0|0|0|2|1|0|0|0|0|0|0|0|0|0|0|14
831|5|"DI GAUDIO Antonio"|"PARMA"|1|3|1|6.0|0|1|6.0|0|0|0|0|0|0|0|0|0|0|0|0|0|0|0|0|10
832|5|"DIONISI Federico"|"FROSINONE"|1|3|0|0.0|0|0|0.0|0|0|0|0|0|0|0|0|0|0|0|0|0|0|0|0|10
833|5|"DJORDJEVIC Filip"|"CHIEVO"|1|3|0|0.0|0|0|0.0|0|0|0|0|0|0|0|0|0|0|0|0|0|0|0|0|12
834|5|"DYBALA Paulo"|"JUVENTUS"|1|3|1|5.5|0|1|5.5|0|0|0|0|0|0|0|0|0|0|0|0|0|0|0|0|33
835|5|"DZEKO Edin"|"ROMA"|1|3|1|4.5|0|1|4.5|0|0|0|0|0|0|0|0|0|0|0|0|0|0|0|0|31
836|5|"EDERA Simone"|"TORINO"|1|3|0|0.0|0|0|0.0|0|0|0|0|0|0|0|0|0|0|0|0|0|0|0|0|7
837|5|"EL SHAARAWY Stephan"|"ROMA"|1|3|0|0.0|0|0|0.0|0|0|0|0|0|0|0|0|0|0|0|0|0|0|0|0|19
838|5|"EWANDRO Felipe De Lima Costa"|"UDINESE"|0|3|0|0.0|0|0|0.0|0|0|0|0|0|0|0|0|0|0|0|0|0|0|0|0|4
839|5|"FALCINELLI Diego"|"BOLOGNA"|1|3|1|6.5|0|1|5.5|0|0|0|0|1|0|0|0|0|0|0|0|0|0|0|0|12
840|5|"FALLETTI Cesar"|"BOLOGNA"|0|3|0|0.0|0|0|0.0|0|0|0|0|0|0|0|0|0|0|0|0|0|0|0|0|8
841|5|"FANTACCI Tommaso"|"EMPOLI"|0|3|0|0.0|0|0|0.0|0|0|0|0|0|0|0|0|0|0|0|0|0|0|0|0|1
842|5|"FARIAS Diego"|"CAGLIARI"|1|3|1|6.0|0|1|6.0|0|0|0|0|0|0|0|0|0|0|0|0|0|0|0|0|11
843|5|"FAVILLI Andrea"|"GENOA"|1|3|0|0.0|0|0|0.0|0|0|0|0|0|0|0|0|0|0|0|0|0|0|0|0|6
844|5|"FINOTTO Mattia"|"SPAL"|0|3|0|0.0|0|0|0.0|0|0|0|0|0|0|0|0|0|0|0|0|0|0|0|0|5
845|5|"FLOCCARI Sergio"|"SPAL"|1|3|0|0.0|0|0|0.0|0|0|0|0|0|0|0|0|0|0|0|0|0|0|0|0|9
846|5|"GALABINOV Andrej"|"GENOA"|0|3|0|0.0|0|0|0.0|0|0|0|0|0|0|0|0|0|0|0|0|0|0|0|0|8
847|5|"GALUPPINI Francesco"|"PARMA"|0|3|0|0.0|0|0|0.0|0|0|0|0|0|0|0|0|0|0|0|0|0|0|0|0|1
848|5|"GIANNETTI Niccolò"|"CAGLIARI"|0|3|0|0.0|0|0|0.0|0|0|0|0|0|0|0|0|0|0|0|0|0|0|0|0|5
849|5|"GOMEZ Alejandro"|"ATALANTA"|1|3|1|9.0|0|1|6.5|1|0|0|0|0|1|0|0|0|0|0|0|0|0|0|0|29
850|5|"GRAICIAR Martin"|"FIORENTINA"|1|3|0|0.0|0|0|0.0|0|0|0|0|0|0|0|0|0|0|0|0|0|0|0|0|4
851|5|"HAN Kwang Song"|"CAGLIARI"|0|3|0|0.0|0|0|0.0|0|0|0|0|0|0|0|0|0|0|0|0|0|0|0|0|11
852|5|"HIGUAIN Gonzalo"|"MILAN"|1|3|1|9.5|0|1|7.0|1|0|0|0|0|1|0|0|0|0|0|0|0|0|0|0|34
853|5|"IAGO Falque"|"TORINO"|1|3|0|0.0|0|0|0.0|0|0|0|0|0|0|0|0|0|0|0|0|0|0|0|0|26
854|5|"ICARDI Mauro"|"INTER"|1|3|1|5.0|0|1|5.0|0|0|0|0|0|0|0|0|0|0|0|0|0|0|0|0|34
855|5|"ILICIC Josip"|"ATALANTA"|1|3|1|6.0|0|1|6.0|0|0|0|0|0|0|0|0|0|0|0|0|0|0|0|0|23
856|5|"IMMOBILE Ciro"|"LAZIO"|1|3|1|13.0|0|1|7.0|2|0|0|0|0|0|0|0|0|0|0|0|0|0|0|0|38
857|5|"INGLESE Roberto"|"PARMA"|1|3|1|10.0|0|1|7.0|1|0|0|0|0|0|0|0|0|0|0|0|0|0|0|0|19
858|5|"INSIGNE Roberto"|"NAPOLI"|0|3|0|0.0|0|0|0.0|0|0|0|0|0|0|0|0|0|0|0|0|0|0|0|0|5
859|5|"INSIGNE Lorenzo"|"NAPOLI"|1|3|1|13.5|0|1|7.5|2|0|0|0|0|0|0|0|0|0|0|0|0|0|0|0|34
860|5|"JAKUPOVIC Arnel"|"EMPOLI"|1|3|0|0.0|0|0|0.0|0|0|0|0|0|0|0|0|0|0|0|0|0|0|0|0|2
861|5|"KALINIC Nikola"|"MILAN"|0|3|0|0.0|0|0|0.0|0|0|0|0|0|0|0|0|0|0|0|0|0|0|0|0|13
862|5|"KARAMOH Yann"|"INTER"|0|3|0|0.0|0|0|0.0|0|0|0|0|0|0|0|0|0|0|0|0|0|0|0|0|12
863|5|"KLUIVERT Justin"|"ROMA"|1|3|1|5.0|0|1|5.0|0|0|0|0|0|0|0|0|0|0|0|0|0|0|0|0|19
864|5|"KOUAMÉ Christian"|"GENOA"|1|3|1|6.5|0|1|6.5|0|0|0|0|0|0|0|0|0|0|0|0|0|0|0|0|15
865|5|"KOWNACKI Dawid"|"SAMPDORIA"|1|3|0|0.0|0|0|0.0|0|0|0|0|0|0|0|0|0|0|0|0|0|0|0|0|15
866|5|"LA GUMINA Antonino"|"EMPOLI"|1|3|1|5.0|0|1|5.0|0|0|0|0|0|0|0|0|0|0|0|0|0|0|0|0|11
867|5|"LAPADULA Gianluca"|"GENOA"|1|3|0|0.0|0|0|0.0|0|0|0|0|0|0|0|0|0|0|0|0|0|0|0|0|13
868|5|"LASAGNA Kevin"|"UDINESE"|1|3|1|10.0|0|1|7.0|1|0|0|0|0|0|0|0|0|0|0|0|0|0|0|0|22
869|5|"LERIS Mehdi"|"CHIEVO"|1|3|1|6.0|0|1|6.0|0|0|0|0|0|0|0|0|0|0|0|0|0|0|0|0|3
870|5|"LOMBARDI Cristiano"|"LAZIO"|1|3|0|0.0|0|0|0.0|0|0|0|0|0|0|0|0|0|0|0|0|0|0|0|0|3
871|5|"LUIS ALBERTO Romero Alconchel"|"LAZIO"|1|3|0|0.0|0|0|0.0|0|0|0|0|0|0|0|0|0|0|0|0|0|0|0|0|28
872|5|"MACHIS Darwin"|"UDINESE"|1|3|1|5.5|0|1|5.5|0|0|0|0|0|0|0|0|0|0|0|0|0|0|0|0|7
873|5|"MALLÉ Aly"|"UDINESE"|1|3|0|0.0|0|0|0.0|0|0|0|0|0|0|0|0|0|0|0|0|0|0|0|0|2
874|5|"MANDZUKIC Mario"|"JUVENTUS"|1|3|1|5.5|0|1|5.5|0|0|0|0|0|0|0|0|0|0|0|0|0|0|0|0|21
875|5|"MARTINEZ Lautaro"|"INTER"|1|3|0|0.0|0|0|0.0|0|0|0|0|0|0|0|0|0|0|0|0|0|0|0|0|22
876|5|"MATARESE Luca"|"FROSINONE"|1|3|0|0.0|0|0|0.0|0|0|0|0|0|0|0|0|0|0|0|0|0|0|0|0|2
877|5|"MATRI Alessandro"|"SASSUOLO"|1|3|0|0.0|0|0|0.0|0|0|0|0|0|0|0|0|0|0|0|0|0|0|0|0|8
878|5|"MCHEDLIDZE Levan"|"EMPOLI"|1|3|0|0.0|0|0|0.0|0|0|0|0|0|0|0|0|0|0|0|0|0|0|0|0|4
879|5|"MEDEIROS Iuri"|"GENOA"|1|3|1|6.0|0|1|6.0|0|0|0|0|0|0|0|0|0|0|0|0|0|0|0|0|11
880|5|"MEGGIORINI Riccardo"|"CHIEVO"|1|3|0|0.0|0|0|0.0|0|0|0|0|0|0|0|0|0|0|0|0|0|0|0|0|6
881|5|"MERTENS Dries"|"NAPOLI"|1|3|1|8.0|0|1|7.0|0|0|0|0|1|0|0|0|0|0|0|0|0|0|0|0|32
882|5|"MICIN Petar"|"UDINESE"|1|3|0|0.0|0|0|0.0|0|0|0|0|0|0|0|0|0|0|0|0|0|0|0|0|4
883|5|"MILIK Arkadiusz"|"NAPOLI"|1|3|0|0.0|0|0|0.0|0|0|0|0|0|0|0|0|0|0|0|0|0|0|0|0|27
884|5|"MRAZ Samuel"|"EMPOLI"|1|3|1|5.5|0|1|5.5|0|0|0|0|0|0|0|0|0|0|0|0|0|0|0|0|9
885|5|"MURANO Jacopo"|"SPAL"|0|3|0|0.0|0|0|0.0|0|0|0|0|0|0|0|0|0|0|0|0|0|0|0|0|2
886|5|"NIANG M'Baye"|"TORINO"|0|3|0|0.0|0|0|0.0|0|0|0|0|0|0|0|0|0|0|0|0|0|0|0|0|13
887|5|"ODGAARD Jens"|"SASSUOLO"|1|3|0|0.0|0|0|0.0|0|0|0|0|0|0|0|0|0|0|0|0|0|0|0|0|1
888|5|"OKWONKWO Orji"|"BOLOGNA"|1|3|1|6.0|0|1|6.0|0|0|0|0|0|0|0|0|0|0|0|0|0|0|0|0|7
889|5|"ORSOLINI Riccardo"|"BOLOGNA"|1|3|0|0.0|0|0|0.0|0|0|0|0|0|0|0|0|0|0|0|0|0|0|0|0|10
890|5|"OUNAS Adam"|"NAPOLI"|1|3|0|0.0|0|0|0.0|0|0|0|0|0|0|0|0|0|0|0|0|0|0|0|0|7
891|5|"PALACIO Rodrigo"|"BOLOGNA"|1|3|0|0.0|0|0|0.0|0|0|0|0|0|0|0|0|0|0|0|0|0|0|0|0|13
892|5|"PALOSCHI Alberto"|"SPAL"|1|3|0|0.0|0|0|0.0|0|0|0|0|0|0|0|0|0|0|0|0|0|0|0|0|13
893|5|"PANDEV Goran"|"GENOA"|1|3|0|0.0|0|0|0.0|0|0|0|0|0|0|0|0|0|0|0|0|0|0|0|0|16
894|5|"PAVOLETTI Leonardo"|"CAGLIARI"|1|3|0|0.0|0|0|0.0|0|0|0|0|0|0|0|0|0|0|0|0|0|0|0|0|23
895|5|"PELLISSIER Sergio"|"CHIEVO"|1|3|0|0.0|0|0|0.0|0|0|0|0|0|0|0|0|0|0|0|0|0|0|0|0|6
896|5|"PERICA Stipe"|"FROSINONE"|1|3|1|5.5|0|1|6.0|0|0|0|0|0|1|0|0|0|0|0|0|0|0|0|0|7
897|5|"PETAGNA Andrea"|"SPAL"|1|3|1|5.5|0|1|5.5|0|0|0|0|0|0|0|0|0|0|0|0|0|0|0|0|15
898|5|"PETKOVIC Bruno"|"BOLOGNA"|0|3|0|0.0|0|0|0.0|0|0|0|0|0|0|0|0|0|0|0|0|0|0|0|0|7
899|5|"PIATEK Krzysztof"|"GENOA"|1|3|1|9.5|0|1|6.5|1|0|0|0|0|0|0|0|0|0|0|0|0|0|0|0|20
900|5|"PJACA Marko"|"FIORENTINA"|1|3|1|10.0|0|1|7.0|1|0|0|0|0|0|0|0|0|0|0|0|0|0|0|0|14
901|5|"POLITANO Matteo"|"INTER"|1|3|1|5.5|0|1|5.5|0|0|0|0|0|0|0|0|0|0|0|0|0|0|0|0|20
902|5|"PUCCIARELLI Manuel"|"CHIEVO"|1|3|0|0.0|0|0|0.0|0|0|0|0|0|0|0|0|0|0|0|0|0|0|0|0|7
903|5|"PUSSETTO Ignacio"|"UDINESE"|1|3|1|6.0|0|1|6.0|0|0|0|0|0|0|0|0|0|0|0|0|0|0|0|0|12
904|5|"QUAGLIARELLA Fabio"|"SAMPDORIA"|1|3|1|6.5|0|1|6.5|0|0|0|0|0|0|0|0|0|0|0|0|0|0|0|0|29
905|5|"RODRIGUEZ Alejandro"|"EMPOLI"|1|3|0|0.0|0|0|0.0|0|0|0|0|0|0|0|0|0|0|0|0|0|0|0|0|6
906|5|"RONALDO Cristiano"|"JUVENTUS"|1|3|1|10.0|0|1|7.0|1|0|0|0|0|0|0|0|0|0|0|0|0|0|0|0|58
907|5|"SALCEDO Eddie Mora"|"INTER"|1|3|0|0.0|0|0|0.0|0|0|0|0|0|0|0|0|0|0|0|0|0|0|0|0|1
908|5|"SANTANDER Federico"|"BOLOGNA"|1|3|1|10.0|0|1|7.0|1|0|0|0|0|0|0|0|0|0|0|0|0|0|0|0|15
909|5|"SAU Marco"|"CAGLIARI"|1|3|1|4.5|0|1|5.0|0|0|0|0|0|1|0|0|0|0|0|0|0|0|0|0|11
910|5|"SCAMACCA Gianluca"|"SASSUOLO"|0|3|0|0.0|0|0|0.0|0|0|0|0|0|0|0|0|0|0|0|0|0|0|0|0|3
911|5|"SCHICK Patrik"|"ROMA"|1|3|0|0.0|0|0|0.0|0|0|0|0|0|0|0|0|0|0|0|0|0|0|0|0|16
912|5|"SILIGARDI Luca"|"PARMA"|1|3|0|0.0|0|0|0.0|0|0|0|0|0|0|0|0|0|0|0|0|0|0|0|0|4
913|5|"SIMEONE Giovanni"|"FIORENTINA"|1|3|1|6.0|0|1|6.0|0|0|0|0|0|0|0|0|0|0|0|0|0|0|0|0|26
914|5|"SOTTIL Riccardo"|"FIORENTINA"|1|3|0|0.0|0|0|0.0|0|0|0|0|0|0|0|0|0|0|0|0|0|0|0|0|1
915|5|"SPINELLI Claudio"|"GENOA"|0|3|0|0.0|0|0|0.0|0|0|0|0|0|0|0|0|0|0|0|0|0|0|0|0|10
916|5|"SPROCATI Mattia"|"PARMA"|1|3|0|0.0|0|0|0.0|0|0|0|0|0|0|0|0|0|0|0|0|0|0|0|0|6
917|5|"STEPINSKI Mariusz"|"CHIEVO"|1|3|1|6.5|0|1|6.5|0|0|0|0|0|0|0|0|0|0|0|0|0|0|0|0|15
918|5|"SUSO Jesus Fernandez Saez"|"MILAN"|1|3|1|9.0|0|1|7.0|0|0|0|0|2|0|0|0|0|0|0|0|0|0|0|0|23
919|5|"THEREAU Cyril"|"FIORENTINA"|1|3|0|0.0|0|0|0.0|0|0|0|0|0|0|0|0|0|0|0|0|0|0|0|0|13
920|5|"TROTTA Marcello"|"SASSUOLO"|1|3|0|0.0|0|0|0.0|0|0|0|0|0|0|0|0|0|0|0|0|0|0|0|0|10
921|5|"TUMMINELLO Marco"|"ATALANTA"|1|3|0|0.0|0|0|0.0|0|0|0|0|0|0|0|0|0|0|0|0|0|0|0|0|6
922|5|"VERDE Daniele"|"ROMA"|0|3|0|0.0|0|0|0.0|0|0|0|0|0|0|0|0|0|0|0|0|0|0|0|0|8
923|5|"VERDI Simone"|"NAPOLI"|1|3|1|10.0|0|1|7.0|1|0|0|0|0|0|0|0|0|0|0|0|0|0|0|0|19
924|5|"VINICIUS Morais"|"NAPOLI"|0|3|0|0.0|0|0|0.0|0|0|0|0|0|0|0|0|0|0|0|0|0|0|0|0|3
925|5|"VIZEU Felipe"|"UDINESE"|1|3|0|0.0|0|0|0.0|0|0|0|0|0|0|0|0|0|0|0|0|0|0|0|0|12
926|5|"VLAHOVIC Dusan"|"FIORENTINA"|1|3|0|0.0|0|0|0.0|0|0|0|0|0|0|0|0|0|0|0|0|0|0|0|0|2
927|5|"ZANIMACCHIA Luca"|"GENOA"|0|3|0|0.0|0|0|0.0|0|0|0|0|0|0|0|0|0|0|0|0|0|0|0|0|1
928|5|"ZAPATA Duvan"|"ATALANTA"|1|3|1|8.0|0|1|7.0|0|0|0|0|1|0|0|0|0|0|0|0|0|0|0|0|19
929|5|"ZEKHNINI Rafik"|"FIORENTINA"|0|3|0|0.0|0|0|0.0|0|0|0|0|0|0|0|0|0|0|0|0|0|0|0|0|2
930|5|"BOGA Jeremie"|"SASSUOLO"|1|3|0|0.0|0|0|0.0|0|0|0|0|0|0|0|0|0|0|0|0|0|0|0|0|10
931|5|"ROSSI Alessandro"|"LAZIO"|1|3|0|0.0|0|0|0.0|0|0|0|0|0|0|0|0|0|0|0|0|0|0|0|0|4
932|5|"MONCINI Gabriele"|"SPAL"|1|3|0|0.0|0|0|0.0|0|0|0|0|0|0|0|0|0|0|0|0|0|0|0|0|8
933|5|"KEAN Moise"|"JUVENTUS"|1|3|0|0.0|0|0|0.0|0|0|0|0|0|0|0|0|0|0|0|0|0|0|0|0|8
934|5|"PINAMONTI Andrea"|"FROSINONE"|1|3|0|0.0|0|0|0.0|0|0|0|0|0|0|0|0|0|0|0|0|0|0|0|0|3
935|5|"BRIGNOLA Enrico"|"SASSUOLO"|1|3|0|0.0|0|0|0.0|0|0|0|0|0|0|0|0|0|0|0|0|0|0|0|0|11
936|5|"GALANO Cristian"|"PARMA"|0|3|0|0.0|0|0|0.0|0|0|0|0|0|0|0|0|0|0|0|0|0|0|0|0|12
937|5|"BIABIANY Jonathan"|"PARMA"|1|2|0|0.0|0|0|0.0|0|0|0|0|0|0|0|0|0|0|0|0|0|0|0|0|10
938|5|"DALMONTE Nicola"|"GENOA"|1|3|0|0.0|0|0|0.0|0|0|0|0|0|0|0|0|0|0|0|0|0|0|0|0|6
939|5|"MIRALLAS Kevin"|"FIORENTINA"|1|3|1|6.5|0|1|6.5|0|0|0|0|0|0|0|0|0|0|0|0|0|0|0|0|14
940|5|"KEITA Balde Diao"|"INTER"|1|3|1|6.0|0|1|6.0|0|0|0|0|0|0|0|0|0|0|0|0|0|0|0|0|19
941|5|"CAMPBELL Joel"|"FROSINONE"|1|3|1|5.0|0|1|5.0|0|0|0|0|0|0|0|0|0|0|0|0|0|0|0|0|10
942|5|"GERVINHO "|"PARMA"|1|3|1|11.0|0|1|8.0|1|0|0|0|0|0|0|0|0|0|0|0|0|0|0|0|20
943|5|"ZAZA Simone"|"TORINO"|1|3|1|5.5|0|1|5.5|0|0|0|0|0|0|0|0|0|0|0|0|0|0|0|0|16
944|5|"TEODORCZYK Lukasz"|"UDINESE"|1|3|1|5.5|0|1|5.5|0|0|0|0|0|0|0|0|0|0|0|0|0|0|0|0|15
945|5|"ARDAIZ Joaquin"|"FROSINONE"|1|3|0|0.0|0|0|0.0|0|0|0|0|0|0|0|0|0|0|0|0|0|0|0|0|6
946|5|"GRUBAC Sergej"|"CHIEVO"|1|3|0|0.0|0|0|0.0|0|0|0|0|0|0|0|0|0|0|0|0|0|0|0|0|1
947|5|"JUWARA Musa"|"CHIEVO"|1|3|0|0.0|0|0|0.0|0|0|0|0|0|0|0|0|0|0|0|0|0|0|0|0|1
948|5|"MASTAJ Davide"|"PARMA"|0|3|0|0.0|0|0|0.0|0|0|0|0|0|0|0|0|0|0|0|0|0|0|0|0|1
