100|11|"ARESTI Simone"|"CAGLIARI"|1|0|0|0.0|0|0|0.0|0|0|0|0|0|0|0|0|0|0|0|0|0|0|0|0|1
101|11|"AUDERO Emil"|"SAMPDORIA"|1|0|1|1.5|0|1|5.5|0|4|0|0|0|0|0|0|0|0|0|0|0|0|0|0|15
102|11|"BARDI Francesco"|"FROSINONE"|1|0|0|0.0|0|0|0.0|0|0|0|0|0|0|0|0|0|0|0|0|0|0|0|0|1
103|11|"BELEC Vid"|"SAMPDORIA"|1|0|0|0.0|0|0|0.0|0|0|0|0|0|0|0|0|0|0|0|0|0|0|0|0|1
104|11|"BERISHA Etrit"|"ATALANTA"|1|0|1|6.0|0|1|7.0|0|1|0|0|0|0|0|0|0|0|0|0|0|0|0|0|15
105|11|"BERNI Tommaso"|"INTER"|1|0|0|0.0|0|0|0.0|0|0|0|0|0|0|0|0|0|0|0|0|0|0|0|0|1
106|11|"CONSIGLI Andrea"|"SASSUOLO"|1|0|1|6.0|0|1|6.0|0|0|0|0|0|0|0|0|0|0|0|0|0|0|0|0|14
107|11|"CONTINI Nikita"|"NAPOLI"|0|0|0|0.0|0|0|0.0|0|0|0|0|0|0|0|0|0|0|0|0|0|0|0|0|1
108|11|"CRAGNO Alessio"|"CAGLIARI"|1|0|1|3.0|0|1|6.0|0|3|0|0|0|0|0|0|0|0|0|0|0|0|0|0|16
109|11|"DA COSTA Angelo"|"BOLOGNA"|1|0|0|0.0|0|0|0.0|0|0|0|0|0|0|0|0|0|0|0|0|0|0|0|0|1
110|11|"DAGA Riccardo"|"CAGLIARI"|1|0|0|0.0|0|0|0.0|0|0|0|0|0|0|0|0|0|0|0|0|0|0|0|0|1
111|11|"DINI Andrea"|"PARMA"|0|0|0|0.0|0|0|0.0|0|0|0|0|0|0|0|0|0|0|0|0|0|0|0|0|1
112|11|"DONNARUMMA Gianluigi"|"MILAN"|1|0|1|6.5|0|1|6.5|0|0|0|0|0|0|0|0|0|0|0|0|0|0|0|0|14
113|11|"DONNARUMMA Antonio"|"MILAN"|1|0|0|0.0|0|0|0.0|0|0|0|0|0|0|0|0|0|0|0|0|0|0|0|0|1
114|11|"DRAGOWSKI Bartlomiej"|"FIORENTINA"|1|0|0|0.0|0|0|0.0|0|0|0|0|0|0|0|0|0|0|0|0|0|0|0|0|3
115|11|"FALCONE Wladimiro"|"SAMPDORIA"|0|0|0|0.0|0|0|0.0|0|0|0|0|0|0|0|0|0|0|0|0|0|0|0|0|1
116|11|"FRATTALI Pierluigi"|"PARMA"|1|0|0|0.0|0|0|0.0|0|0|0|0|0|0|0|0|0|0|0|0|0|0|0|0|1
117|11|"FUZATO Daniel"|"ROMA"|1|0|0|0.0|0|0|0.0|0|0|0|0|0|0|0|0|0|0|0|0|0|0|0|0|1
118|11|"GASPARINI Manuel"|"UDINESE"|1|0|0|0.0|0|0|0.0|0|0|0|0|0|0|0|0|0|0|0|0|0|0|0|0|1
119|11|"GIACOMEL Alessandro"|"EMPOLI"|0|0|0|0.0|0|0|0.0|0|0|0|0|0|0|0|0|0|0|0|0|0|0|0|0|1
120|11|"GOLLINI Pierluigi"|"ATALANTA"|1|0|0|0.0|0|0|0.0|0|0|0|0|0|0|0|0|0|0|0|0|0|0|0|0|5
121|11|"GOMIS Alfred"|"SPAL"|1|0|0|0.0|0|0|0.0|0|0|0|0|0|0|0|0|0|0|0|0|0|0|0|0|7
122|11|"GUERRIERI Guido"|"LAZIO"|1|0|0|0.0|0|0|0.0|0|0|0|0|0|0|0|0|0|0|0|0|0|0|0|0|1
123|11|"HANDANOVIC Samir"|"INTER"|1|0|1|6.0|0|1|6.0|0|0|0|0|0|0|0|0|0|0|0|0|0|0|0|0|21
124|11|"ICHAZO Salvador"|"TORINO"|1|0|0|0.0|0|0|0.0|0|0|0|0|0|0|0|0|0|0|0|0|0|0|0|0|1
125|11|"KARNEZIS Orestis"|"NAPOLI"|1|0|1|5.0|0|1|6.0|0|1|0|0|0|0|0|0|0|0|0|0|0|0|0|0|8
126|11|"LAFONT Alban"|"FIORENTINA"|1|0|1|4.0|0|1|5.0|0|1|0|0|0|0|0|0|0|0|0|0|0|0|0|0|13
127|11|"MARCHETTI Federico"|"GENOA"|1|0|0|0.0|0|0|0.0|0|0|0|0|0|0|0|0|0|0|0|0|0|0|0|0|9
128|11|"MERET Alex"|"NAPOLI"|1|0|0|0.0|0|0|0.0|0|0|0|0|0|0|0|0|0|0|0|0|0|0|0|0|9
129|11|"MILINKOVIC Vanja"|"SPAL"|1|0|1|1.5|0|1|5.5|0|4|0|0|0|0|0|0|0|0|0|0|0|0|0|0|6
130|11|"MIRANTE Antonio"|"ROMA"|1|0|0|0.0|0|0|0.0|0|0|0|0|0|0|0|0|0|0|0|0|0|0|0|0|1
131|11|"MUSSO Juan"|"UDINESE"|1|0|1|6.0|0|1|7.0|0|1|0|0|0|0|0|0|0|0|0|0|0|0|0|0|7
132|11|"PADELLI Daniele"|"INTER"|1|0|0|0.0|0|0|0.0|0|0|0|0|0|0|0|0|0|0|0|0|0|0|0|0|1
133|11|"PAVONI Filippo"|"CHIEVO"|0|0|0|0.0|0|0|0.0|0|0|0|0|0|0|0|0|0|0|0|0|0|0|0|0|1
134|11|"PEGOLO Gianluca"|"SASSUOLO"|1|0|0|0.0|0|0|0.0|0|0|0|0|0|0|0|0|0|0|0|0|0|0|0|0|1
135|11|"PERIN Mattia"|"JUVENTUS"|1|0|0|0.0|0|0|0.0|0|0|0|0|0|0|0|0|0|0|0|0|0|0|0|0|3
136|11|"PINSOGLIO Carlo"|"JUVENTUS"|1|0|0|0.0|0|0|0.0|0|0|0|0|0|0|0|0|0|0|0|0|0|0|0|0|1
137|11|"PLIZZARI Alessandro"|"MILAN"|1|0|0|0.0|0|0|0.0|0|0|0|0|0|0|0|0|0|0|0|0|0|0|0|0|1
138|11|"POLUZZI Giacomo"|"SPAL"|1|0|0|0.0|0|0|0.0|0|0|0|0|0|0|0|0|0|0|0|0|0|0|0|0|1
139|11|"PROTO Silvio"|"LAZIO"|1|0|0|0.0|0|0|0.0|0|0|0|0|0|0|0|0|0|0|0|0|0|0|0|0|1
140|11|"PROVEDEL Ivan"|"EMPOLI"|1|0|0|0.0|0|0|5.0|0|5|0|0|0|0|0|0|0|0|0|0|0|0|0|0|4
141|11|"RADU Ionut"|"GENOA"|1|0|0|0.0|0|0|5.0|0|5|0|0|0|0|0|0|0|0|0|0|0|0|0|0|2
142|11|"RADUNOVIC Boris"|"ATALANTA"|0|0|0|0.0|0|0|0.0|0|0|0|0|0|0|0|0|0|0|0|0|0|0|0|0|1
143|11|"RAFAEL De Andrade Bittencourt"|"CAGLIARI"|1|0|0|0.0|0|0|0.0|0|0|0|0|0|0|0|0|0|0|0|0|0|0|0|0|1
144|11|"REINA Pepe"|"MILAN"|1|0|0|0.0|0|0|0.0|0|0|0|0|0|0|0|0|0|0|0|0|0|0|0|0|3
145|11|"ROSATI Antonio"|"TORINO"|1|0|0|0.0|0|0|0.0|0|0|0|0|0|0|0|0|0|0|0|0|0|0|0|0|1
146|11|"ROSSI Francesco"|"ATALANTA"|1|0|0|0.0|0|0|0.0|0|0|0|0|0|0|0|0|0|0|0|0|0|0|0|0|1
147|11|"SANTURRO Antonio"|"BOLOGNA"|1|0|0|0.0|0|0|0.0|0|0|0|0|0|0|0|0|0|0|0|0|0|0|0|0|1
148|11|"SATALINO Giacomo"|"SASSUOLO"|1|0|0|0.0|0|0|0.0|0|0|0|0|0|0|0|0|0|0|0|0|0|0|0|0|1
149|11|"SCUFFET Simone"|"UDINESE"|1|0|0|0.0|0|0|0.0|0|0|0|0|0|0|0|0|0|0|0|0|0|0|0|0|6
150|11|"SECULIN Andrea"|"CHIEVO"|1|0|0|0.0|0|0|0.0|0|0|0|0|0|0|0|0|0|0|0|0|0|0|0|0|2
151|11|"SEPE Luigi"|"PARMA"|1|0|1|7.0|0|1|7.0|0|0|0|0|0|0|0|0|0|0|0|0|0|0|0|0|14
152|11|"SIRIGU Salvatore"|"TORINO"|1|0|1|9.0|0|1|7.0|0|1|0|0|0|0|0|0|0|1|0|0|0|0|0|0|18
153|11|"SKORUPSKI Lukasz"|"BOLOGNA"|1|0|1|4.0|0|1|6.0|0|2|0|0|0|0|0|0|0|0|0|0|0|0|0|0|13
154|11|"SORRENTINO Stefano"|"CHIEVO"|1|0|1|5.0|0|1|7.0|0|2|0|0|0|0|0|0|0|0|0|0|0|0|0|0|12
155|11|"SPORTIELLO Marco"|"FROSINONE"|1|0|1|6.0|0|1|6.0|0|0|0|0|0|0|0|0|0|0|0|0|0|0|0|0|9
156|11|"STRAKOSHA Thomas"|"LAZIO"|1|0|1|5.0|0|1|6.0|0|1|0|0|0|0|0|0|0|0|0|0|0|0|0|0|14
157|11|"SZCZESNY Wojciech"|"JUVENTUS"|1|0|1|5.5|0|1|6.5|0|1|0|0|0|0|0|0|0|0|0|0|0|0|0|0|20
158|11|"TERRACCIANO Pietro"|"EMPOLI"|1|0|0|0.0|0|0|0.0|0|0|0|0|0|0|0|0|0|0|0|0|0|0|0|0|7
159|11|"TOZZO Andrea"|"SAMPDORIA"|0|0|0|0.0|0|0|0.0|0|0|0|0|0|0|0|0|0|0|0|0|0|0|0|0|1
160|11|"VIGORITO Mauro"|"FROSINONE"|0|0|0|0.0|0|0|0.0|0|0|0|0|0|0|0|0|0|0|0|0|0|0|0|0|1
161|11|"VODISEK Rok"|"GENOA"|1|0|0|0.0|0|0|0.0|0|0|0|0|0|0|0|0|0|0|0|0|0|0|0|0|1
162|11|"ZACCAGNO Andrea"|"TORINO"|0|0|0|0.0|0|0|0.0|0|0|0|0|0|0|0|0|0|0|0|0|0|0|0|0|1
163|11|"RAFAEL Cabral"|"SAMPDORIA"|1|0|0|0.0|0|0|0.0|0|0|0|0|0|0|0|0|0|0|0|0|0|0|0|0|1
164|11|"OLSEN Robin"|"ROMA"|1|0|1|5.0|0|1|6.0|0|1|0|0|0|0|0|0|0|0|0|0|0|0|0|0|16
165|11|"FULIGNATI Andrea"|"EMPOLI"|1|0|0|0.0|0|0|0.0|0|0|0|0|0|0|0|0|0|0|0|0|0|0|0|0|1
166|11|"NICOLAS Andrade"|"UDINESE"|1|0|0|0.0|0|0|0.0|0|0|0|0|0|0|0|0|0|0|0|0|0|0|0|0|1
167|11|"IACOBUCCI Alessandro"|"FROSINONE"|1|0|0|0.0|0|0|0.0|0|0|0|0|0|0|0|0|0|0|0|0|0|0|0|0|1
168|11|"SEMPER Adrian"|"CHIEVO"|1|0|0|0.0|0|0|0.0|0|0|0|0|0|0|0|0|0|0|0|0|0|0|0|0|1
169|11|"BAGHERIA Fabrizio"|"PARMA"|1|0|0|0.0|0|0|0.0|0|0|0|0|0|0|0|0|0|0|0|0|0|0|0|0|1
170|11|"OSPINA David"|"NAPOLI"|1|0|0|0.0|0|0|0.0|0|0|0|0|0|0|0|0|0|0|0|0|0|0|0|0|5
171|11|"GHIDOTTI Simone"|"FIORENTINA"|1|0|0|0.0|0|0|0.0|0|0|0|0|0|0|0|0|0|0|0|0|0|0|0|0|1
200|11|"ABATE Ignazio"|"MILAN"|1|1|1|6.0|0|1|6.0|0|0|0|0|0|0|0|0|0|0|0|0|0|0|0|0|5
201|11|"ACERBI Francesco"|"LAZIO"|1|1|1|5.5|0|1|6.0|0|0|0|0|0|1|0|0|0|0|0|0|0|0|0|0|16
202|11|"ADJAPONG Claud"|"SASSUOLO"|1|1|0|0.0|0|0|0.0|0|0|0|0|0|0|0|0|0|0|0|0|0|0|0|0|7
203|11|"ADNAN Ali Kadhim"|"ATALANTA"|1|1|0|0.0|0|0|0.0|0|0|0|0|0|0|0|0|0|0|0|0|0|0|0|0|4
204|11|"ALBIOL Raúl"|"NAPOLI"|1|1|0|0.0|0|0|0.0|0|0|0|0|0|0|0|0|0|0|0|0|0|0|0|0|13
205|11|"ALEX SANDRO Lobo Silva"|"JUVENTUS"|1|1|1|6.0|0|1|6.0|0|0|0|0|0|0|0|0|0|0|0|0|0|0|0|0|19
206|11|"ALVES Bruno"|"PARMA"|1|1|1|5.5|0|1|6.0|0|0|0|0|0|1|0|0|0|0|0|0|0|0|0|0|8
207|11|"ANDERSEN Joachim"|"SAMPDORIA"|1|1|1|5.5|0|1|5.5|0|0|0|0|0|0|0|0|0|0|0|0|0|0|0|0|9
208|11|"ANDREOLLI Marco"|"CAGLIARI"|1|1|0|0.0|0|0|0.0|0|0|0|0|0|0|0|0|0|0|0|0|0|0|0|0|4
209|11|"ANGELLA Gabriele"|"UDINESE"|0|1|0|0.0|0|0|0.0|0|0|0|0|0|0|0|0|0|0|0|0|0|0|0|0|3
210|11|"ANSALDI Cristian"|"TORINO"|1|1|0|0.0|0|0|0.0|0|0|0|0|0|0|0|0|0|0|0|0|0|0|0|0|6
211|11|"ANTONELLI Luca"|"EMPOLI"|1|1|1|6.0|0|1|6.0|0|0|0|0|0|0|0|0|0|0|0|0|0|0|0|0|6
212|11|"ARIAUDO Lorenzo"|"FROSINONE"|1|1|1|6.5|0|1|6.5|0|0|0|0|0|0|0|0|0|0|0|0|0|0|0|0|5
213|11|"ASAMOAH Kwadwo"|"INTER"|1|1|0|0.0|0|0|0.0|0|0|0|0|0|0|0|0|0|0|0|0|0|0|0|0|9
214|11|"BANI Mattia"|"CHIEVO"|1|1|1|5.0|0|1|5.0|0|0|0|0|0|0|0|0|0|0|0|0|0|0|0|0|4
215|11|"BARZAGLI Andrea"|"JUVENTUS"|1|1|0|0.0|0|0|0.0|0|0|0|0|0|0|0|0|0|0|0|0|0|0|0|0|6
216|11|"BASTA Dusan"|"LAZIO"|1|1|0|0.0|0|0|0.0|0|0|0|0|0|0|0|0|0|0|0|0|0|0|0|0|4
217|11|"BASTONI Alessandro"|"PARMA"|1|1|1|6.5|0|1|6.5|0|0|0|0|0|0|0|0|0|0|0|0|0|0|0|0|3
218|11|"BASTOS Jacinto Quissanga"|"LAZIO"|1|1|0|0.0|0|0|0.0|0|0|0|0|0|0|0|0|0|0|0|0|0|0|0|0|8
219|11|"BENATIA Medhi"|"JUVENTUS"|1|1|1|6.5|0|1|6.5|0|0|0|0|0|0|0|0|0|0|0|0|0|0|0|0|12
220|11|"BERESZYNSKI Bartosz"|"SAMPDORIA"|1|1|1|5.0|0|1|5.0|0|0|0|0|0|0|0|0|0|0|0|0|0|0|0|0|8
221|11|"BETTELLA Davide"|"ATALANTA"|1|1|0|0.0|0|0|0.0|0|0|0|0|0|0|0|0|0|0|0|0|0|0|0|0|1
222|11|"BIANDA William"|"ROMA"|1|1|0|0.0|0|0|0.0|0|0|0|0|0|0|0|0|0|0|0|0|0|0|0|0|2
223|11|"BIRAGHI Cristiano"|"FIORENTINA"|1|1|1|5.0|0|1|5.5|0|0|0|0|0|1|0|0|0|0|0|0|0|0|0|0|11
224|11|"BIRASCHI Davide"|"GENOA"|1|1|1|4.5|0|1|4.5|0|0|0|0|0|0|0|0|0|0|0|0|0|0|0|0|7
225|11|"BONIFAZI Kevin"|"SPAL"|1|1|1|5.0|0|1|5.0|0|0|0|0|0|0|0|0|0|0|0|0|0|0|0|0|7
226|11|"BONUCCI Leonardo"|"JUVENTUS"|1|1|1|5.5|0|1|5.5|0|0|0|0|0|0|0|0|0|0|0|0|0|0|0|0|17
227|11|"BREMER Gleison Silva Nascimento"|"TORINO"|1|1|0|0.0|0|0|0.0|0|0|0|0|0|0|0|0|0|0|0|0|0|0|0|0|4
228|11|"BRIGHENTI Nicolò"|"FROSINONE"|1|1|0|0.0|0|0|0.0|0|0|0|0|0|0|0|0|0|0|0|0|0|0|0|0|3
229|11|"BRIGNANI Fabrizio"|"BOLOGNA"|0|1|0|0.0|0|0|0.0|0|0|0|0|0|0|0|0|0|0|0|0|0|0|0|0|1
230|11|"CACCIATORE Fabrizio"|"CHIEVO"|1|1|0|0.0|0|0|0.0|0|0|0|0|0|0|0|0|0|0|0|0|0|0|0|0|6
231|11|"CACERES Martín"|"LAZIO"|1|1|0|0.0|0|0|0.0|0|0|0|0|0|0|0|0|0|0|0|0|0|0|0|0|9
232|11|"CALABRESI Arturo"|"BOLOGNA"|1|1|1|6.0|0|1|6.0|0|0|0|0|0|0|0|0|0|0|0|0|0|0|0|0|7
233|11|"CALABRIA Davide"|"MILAN"|1|1|0|0.0|0|0|0.0|0|0|0|0|0|0|0|0|0|0|0|0|0|0|0|0|9
234|11|"CALDARA Mattia"|"MILAN"|1|1|0|0.0|0|0|0.0|0|0|0|0|0|0|0|0|0|0|0|0|0|0|0|0|14
235|11|"CANCELO Joao"|"JUVENTUS"|1|1|1|5.0|0|1|5.0|0|0|0|0|0|0|0|0|0|0|0|0|0|0|0|0|18
236|11|"CAPUANO Marco"|"FROSINONE"|1|1|1|6.0|0|1|6.0|0|0|0|0|0|0|0|0|0|0|0|0|0|0|0|0|5
237|11|"CASTAGNE Timothy"|"ATALANTA"|1|1|0|0.0|0|0|0.0|0|0|0|0|0|0|0|0|0|0|0|0|0|0|0|0|9
238|11|"CECCHERINI Federico"|"FIORENTINA"|1|1|0|0.0|0|0|0.0|0|0|0|0|0|0|0|0|0|0|0|0|0|0|0|0|4
239|11|"CEPPITELLI Luca"|"CAGLIARI"|1|1|1|5.5|0|1|5.5|0|0|0|0|0|0|0|0|0|0|0|0|0|0|0|0|8
240|11|"CESAR Bostjan"|"CHIEVO"|1|1|0|0.0|0|0|0.0|0|0|0|0|0|0|0|0|0|0|0|0|0|0|0|0|3
241|11|"CHIELLINI Giorgio"|"JUVENTUS"|1|1|0|0.0|0|0|0.0|0|0|0|0|0|0|0|0|0|0|0|0|0|0|0|0|16
242|11|"CHIRICHES Vlad"|"NAPOLI"|1|1|0|0.0|0|0|0.0|0|0|0|0|0|0|0|0|0|0|0|0|0|0|0|0|4
243|11|"CIOFANI Matteo"|"FROSINONE"|0|1|0|0.0|0|0|0.0|0|0|0|0|0|0|0|0|0|0|0|0|0|0|0|0|5
244|11|"CIONEK Thiago"|"SPAL"|1|1|1|5.0|0|1|5.5|0|0|0|0|0|1|0|0|0|0|0|0|0|0|0|0|7
245|11|"COLLEY Omar"|"SAMPDORIA"|1|1|0|0.0|0|0|0.0|0|0|0|0|0|0|0|0|0|0|0|0|0|0|0|0|8
246|11|"CONTI Andrea"|"MILAN"|1|1|0|0.0|0|0|0.0|0|0|0|0|0|0|0|0|0|0|0|0|0|0|0|0|11
247|11|"COSTA Filippo"|"SPAL"|1|1|1|5.5|0|1|5.5|0|0|0|0|0|0|0|0|0|0|0|0|0|0|0|0|6
248|11|"CREMONESI Michele"|"SPAL"|0|1|0|0.0|0|0|0.0|0|0|0|0|0|0|0|0|0|0|0|0|0|0|0|0|3
249|11|"CRISCITO Domenico"|"GENOA"|1|1|0|0.0|0|0|0.0|0|0|0|0|0|0|0|0|0|0|0|0|0|0|0|0|14
250|11|"D'AMBROSIO Danilo"|"INTER"|1|1|1|5.0|0|1|5.5|0|0|0|0|0|1|0|0|0|0|0|0|0|0|0|0|12
251|11|"DALBERT Henrique"|"INTER"|1|1|1|6.5|0|1|6.5|0|0|0|0|0|0|0|0|0|0|0|0|0|0|0|0|6
252|11|"DANILO Larangeira"|"BOLOGNA"|1|1|0|0.0|0|0|0.0|0|0|0|0|0|0|0|0|0|0|0|0|0|0|0|0|7
253|11|"DE MAIO Sebastian"|"BOLOGNA"|1|1|0|0.0|0|0|0.0|0|0|0|0|0|0|0|0|0|0|0|0|0|0|0|0|6
254|11|"DE SCIGLIO Mattia"|"JUVENTUS"|1|1|1|6.0|0|1|6.0|0|0|0|0|0|0|0|0|0|0|0|0|0|0|0|0|6
255|11|"DE SILVESTRI Lorenzo"|"TORINO"|1|1|1|8.5|0|1|7.5|0|0|0|0|1|0|0|0|0|0|0|0|0|0|0|0|16
256|11|"DE VRIJ Stefan"|"INTER"|1|1|1|7.0|0|1|7.0|0|0|0|0|0|0|0|0|0|0|0|0|0|0|0|0|23
257|11|"DELL'ORCO Christian"|"SASSUOLO"|1|1|0|0.0|0|0|0.0|0|0|0|0|0|0|0|0|0|0|0|0|0|0|0|0|4
258|11|"DI CESARE Valerio"|"PARMA"|0|1|0|0.0|0|0|0.0|0|0|0|0|0|0|0|0|0|0|0|0|0|0|0|0|5
259|11|"DI LORENZO Giovanni"|"EMPOLI"|1|1|1|4.5|0|1|5.0|0|0|0|0|0|1|0|0|0|0|0|0|0|0|0|0|7
260|11|"DICKMANN Lorenzo"|"SPAL"|1|1|0|0.0|0|0|0.0|0|0|0|0|0|0|0|0|0|0|0|0|0|0|0|0|4
261|11|"DIJKS Mitchell"|"BOLOGNA"|1|1|0|0.0|0|0|0.0|0|0|0|0|0|0|0|0|0|0|0|0|0|0|0|0|5
262|11|"DIKS Kevin"|"FIORENTINA"|1|1|0|0.0|0|0|0.0|0|0|0|0|0|0|0|0|0|0|0|0|0|0|0|0|4
263|11|"DIMARCO Federico"|"PARMA"|1|1|0|0.0|0|0|0.0|0|0|0|0|0|0|0|0|0|0|0|0|0|0|0|0|7
264|11|"DURMISI Riza"|"LAZIO"|1|1|0|0.0|0|0|0.0|0|0|0|0|0|0|0|0|0|0|0|0|0|0|0|0|6
265|11|"EL YAMIQ Jawad"|"GENOA"|0|1|0|0.0|0|0|0.0|0|0|0|0|0|0|0|0|0|0|0|0|0|0|0|0|4
266|11|"FARAGÒ Paolo"|"CAGLIARI"|1|1|1|5.5|0|1|5.5|0|0|0|0|0|0|0|0|0|0|0|0|0|0|0|0|7
267|11|"FAZIO Federico"|"ROMA"|1|1|1|6.0|0|1|6.5|0|0|0|0|0|1|0|0|0|0|0|0|0|0|0|0|16
268|11|"FELIPE Dal Belo"|"SPAL"|1|1|1|5.0|0|1|5.5|0|0|0|0|0|1|0|0|0|0|0|0|0|0|0|0|6
269|11|"FERRARI Gianmarco"|"SASSUOLO"|1|1|1|6.0|0|1|6.5|0|0|0|0|0|1|0|0|0|0|0|0|0|0|0|0|14
270|11|"FERRARI Alex"|"SAMPDORIA"|1|1|0|0.0|0|0|0.0|0|0|0|0|0|0|0|0|0|0|0|0|0|0|0|0|4
271|11|"FLORENZI Alessandro"|"ROMA"|1|1|1|11.0|0|1|6.5|1|0|0|0|0|0|0|0|0|0|0|0|0|0|0|0|19
272|11|"GAGLIOLO Riccardo"|"PARMA"|1|1|1|6.0|0|1|6.0|0|0|0|0|0|0|0|0|0|0|0|0|0|0|0|0|7
273|11|"GAZZOLA Marcello"|"PARMA"|1|1|0|0.0|0|0|0.0|0|0|0|0|0|0|0|0|0|0|0|0|0|0|0|0|4
274|11|"GHIGLIONE Paolo"|"FROSINONE"|1|1|0|0.0|0|0|0.0|0|0|0|0|0|0|0|0|0|0|0|0|0|0|0|0|1
275|11|"GHOULAM Faouzi"|"NAPOLI"|1|1|0|0.0|0|0|0.0|0|0|0|0|0|0|0|0|0|0|0|0|0|0|0|0|10
276|11|"GOBBI Massimo"|"PARMA"|1|1|1|6.0|0|1|6.0|0|0|0|0|0|0|0|0|0|0|0|0|0|0|0|0|5
277|11|"GOLDANIGA Edoardo"|"FROSINONE"|1|1|1|5.5|0|1|6.0|0|0|0|0|0|1|0|0|0|0|0|0|0|0|0|0|7
278|11|"GOMEZ Gustavo"|"MILAN"|0|1|0|0.0|0|0|0.0|0|0|0|0|0|0|0|0|0|0|0|0|0|0|0|0|3
279|11|"GONZALEZ Giancarlo"|"BOLOGNA"|1|1|1|5.5|0|1|5.5|0|0|0|0|0|0|0|0|0|0|0|0|0|0|0|0|5
280|11|"GOSENS Robin"|"ATALANTA"|1|1|1|5.5|0|1|5.5|0|0|0|0|0|0|0|0|0|0|0|0|0|0|0|0|9
281|11|"GUNTER Koray"|"GENOA"|1|1|1|4.0|0|1|4.5|0|0|0|0|0|1|0|0|0|0|0|0|0|0|0|0|4
282|11|"HANCKO David"|"FIORENTINA"|1|1|0|0.0|0|0|0.0|0|0|0|0|0|0|0|0|0|0|0|0|0|0|0|0|4
283|11|"HATEBOER Hans"|"ATALANTA"|1|1|1|5.5|0|1|5.5|0|0|0|0|0|0|0|0|0|0|0|0|0|0|0|0|9
284|11|"HELANDER Filip Viktor"|"BOLOGNA"|1|1|1|5.0|0|1|5.5|0|0|0|0|0|1|0|0|0|0|0|0|0|0|0|0|4
285|11|"HEURTAUX Thomas"|"UDINESE"|0|1|0|0.0|0|0|0.0|0|0|0|0|0|0|0|0|0|0|0|0|0|0|0|0|4
286|11|"HRISTOV Petko"|"FIORENTINA"|0|1|0|0.0|0|0|0.0|0|0|0|0|0|0|0|0|0|0|0|0|0|0|0|0|2
287|11|"HYSAJ Elseid"|"NAPOLI"|1|1|1|6.0|0|1|6.0|0|0|0|0|0|0|0|0|0|0|0|0|0|0|0|0|10
288|11|"IACOPONI Simone"|"PARMA"|1|1|1|6.0|0|1|6.0|0|0|0|0|0|0|0|0|0|0|0|0|0|0|0|0|5
289|11|"IMPERIALE Marco"|"EMPOLI"|0|1|0|0.0|0|0|0.0|0|0|0|0|0|0|0|0|0|0|0|0|0|0|0|0|1
290|11|"IZZO Armando"|"TORINO"|1|1|1|11.5|0|1|7.0|1|0|0|0|0|0|0|0|0|0|0|0|0|0|0|0|14
291|11|"JAROSZYNSKI Pawel"|"CHIEVO"|1|1|1|5.5|0|1|5.5|0|0|0|0|0|0|0|0|0|0|0|0|0|0|0|0|4
292|11|"JUAN JESUS Guilherme Nunes"|"ROMA"|1|1|1|6.5|0|1|6.5|0|0|0|0|0|0|0|0|0|0|0|0|0|0|0|0|5
293|11|"KARSDORP Rick"|"ROMA"|1|1|0|0.0|0|0|0.0|0|0|0|0|0|0|0|0|0|0|0|0|0|0|0|0|4
294|11|"KOLAROV Aleksandar"|"ROMA"|1|1|1|6.0|0|1|6.0|0|0|0|0|0|0|0|0|0|0|0|0|0|0|0|0|23
295|11|"KONATE Pa"|"SPAL"|0|1|0|0.0|0|0|0.0|0|0|0|0|0|0|0|0|0|0|0|0|0|0|0|0|4
296|11|"KOULIBALY Kalidou"|"NAPOLI"|1|1|1|7.5|0|1|6.5|0|0|0|0|1|0|0|0|0|0|0|0|0|0|0|0|18
297|11|"KRAFTH Emil"|"BOLOGNA"|0|1|0|0.0|0|0|0.0|0|0|0|0|0|0|0|0|0|0|0|0|0|0|0|0|4
298|11|"KRAJNC Luka"|"FROSINONE"|1|1|0|0.0|0|0|0.0|0|0|0|0|0|0|0|0|0|0|0|0|0|0|0|0|3
299|11|"LAKICEVIC Ivan"|"GENOA"|1|1|0|0.0|0|0|0.0|0|0|0|0|0|0|0|0|0|0|0|0|0|0|0|0|4
300|11|"LARSEN Jens Stryger"|"UDINESE"|1|1|1|6.5|0|1|6.5|0|0|0|0|0|0|0|0|0|0|0|0|0|0|0|0|8
301|11|"LAURINI Vincent"|"FIORENTINA"|1|1|0|0.0|0|0|0.0|0|0|0|0|0|0|0|0|0|0|0|0|0|0|0|0|4
302|11|"LEMOS Mauricio"|"SASSUOLO"|1|1|0|0.0|0|0|0.0|0|0|0|0|0|0|0|0|0|0|0|0|0|0|0|0|6
303|11|"LETSCHERT Timo"|"SASSUOLO"|0|1|0|0.0|0|0|0.0|0|0|0|0|0|0|0|0|0|0|0|0|0|0|0|0|3
304|11|"LEVERBE Maxime"|"SAMPDORIA"|1|1|0|0.0|0|0|0.0|0|0|0|0|0|0|0|0|0|0|0|0|0|0|0|0|1
305|11|"LIROLA Pol"|"SASSUOLO"|1|1|1|6.5|0|1|6.5|0|0|0|0|0|0|0|0|0|0|0|0|0|0|0|0|11
306|11|"LUIZ FELIPE Ramos Marchi"|"LAZIO"|1|1|0|0.0|0|0|0.0|0|0|0|0|0|0|0|0|0|0|0|0|0|0|0|0|6
307|11|"LUPERTO Sebastiano"|"NAPOLI"|1|1|0|0.0|0|0|0.0|0|0|0|0|0|0|0|0|0|0|0|0|0|0|0|0|4
308|11|"LYANCO Silveira Neves Vojnovic"|"TORINO"|1|1|0|0.0|0|0|0.0|0|0|0|0|0|0|0|0|0|0|0|0|0|0|0|0|4
309|11|"LYKOGIANNIS Charalampos"|"CAGLIARI"|1|1|0|0.0|0|0|0.0|0|0|0|0|0|0|0|0|0|0|0|0|0|0|0|0|5
310|11|"MAIETTA Domenico"|"EMPOLI"|1|1|1|5.0|0|1|5.0|0|0|0|0|0|0|0|0|0|0|0|0|0|0|0|0|5
311|11|"MAKSIMOVIC Nikola"|"NAPOLI"|1|1|1|6.0|0|1|6.0|0|0|0|0|0|0|0|0|0|0|0|0|0|0|0|0|6
312|11|"MANCINI Gianluca"|"ATALANTA"|1|1|1|11.0|0|1|6.5|1|0|0|0|0|0|0|0|0|0|0|0|0|0|0|0|12
313|11|"MANOLAS Konstantinos"|"ROMA"|1|1|0|0.0|0|0|0.0|0|0|0|0|0|0|0|0|0|0|0|0|0|0|0|0|18
314|11|"MARCANO Iván"|"ROMA"|1|1|0|0.0|0|0|0.0|0|0|0|0|0|0|0|0|0|0|0|0|0|0|0|0|9
315|11|"MARCHIZZA Riccardo"|"SASSUOLO"|0|1|0|0.0|0|0|0.0|0|0|0|0|0|0|0|0|0|0|0|0|0|0|0|0|2
316|11|"MARCJANIK Michal"|"EMPOLI"|1|1|0|0.0|0|0|0.0|0|0|0|0|0|0|0|0|0|0|0|0|0|0|0|0|4
317|11|"MARIO RUI Silva Duarte"|"NAPOLI"|1|1|0|0.0|0|0|0.0|0|0|0|0|0|0|0|0|0|0|0|0|0|0|0|0|7
318|11|"MARUSIC Adam"|"LAZIO"|1|1|0|0.0|0|0|0.0|0|0|0|0|0|0|0|0|0|0|0|0|0|0|0|0|14
319|11|"MASIELLO Andrea"|"ATALANTA"|1|1|0|0.0|0|0|0.0|0|0|0|0|0|0|0|0|0|0|0|0|0|0|0|0|15
320|11|"MBAYE Ibrahima"|"BOLOGNA"|1|1|1|10.5|0|1|6.0|1|0|0|0|0|0|0|0|0|0|0|0|0|0|0|0|10
321|11|"MILENKOVIC Nikola"|"FIORENTINA"|1|1|1|5.5|0|1|5.5|0|0|0|0|0|0|0|0|0|0|0|0|0|0|0|0|14
322|11|"MIRANDA Joao"|"INTER"|1|1|0|0.0|0|0|0.0|0|0|0|0|0|0|0|0|0|0|0|0|0|0|0|0|8
323|11|"MOLINARO Cristian"|"FROSINONE"|1|1|0|0.0|0|0|0.0|0|0|0|0|0|0|0|0|0|0|0|0|0|0|0|0|5
324|11|"MORETTI Emiliano"|"TORINO"|1|1|0|0.0|0|0|0.0|0|0|0|0|0|0|0|0|0|0|0|0|0|0|0|0|7
325|11|"MURRU Nicola"|"SAMPDORIA"|1|1|1|4.5|0|1|4.5|0|0|0|0|0|0|0|0|0|0|0|0|0|0|0|0|7
326|11|"MUSACCHIO Mateo"|"MILAN"|1|1|0|0.0|0|0|0.0|0|0|0|0|0|0|0|0|0|0|0|0|0|0|0|0|6
327|11|"NKOULOU Nicolas"|"TORINO"|1|1|1|6.5|0|1|6.5|0|0|0|0|0|0|0|0|0|0|0|0|0|0|0|0|15
328|11|"NUYTINCK Bram"|"UDINESE"|1|1|0|4.0|0|0|0.0|0|0|0|0|0|0|1|0|0|0|0|0|0|0|0|0|6
329|11|"OLIVERA Maximiliano"|"FIORENTINA"|1|1|0|0.0|0|0|0.0|0|0|0|0|0|0|0|0|0|0|0|0|0|0|0|0|3
330|11|"OPOKU Nicholas"|"UDINESE"|1|1|1|5.0|0|1|5.0|0|0|0|0|0|0|0|0|0|0|0|0|0|0|0|0|2
331|11|"PAJAC Marko"|"CAGLIARI"|1|1|0|0.0|0|0|0.0|0|0|0|0|0|0|0|0|0|0|0|0|0|0|0|0|4
332|11|"PALOMINO José Luis"|"ATALANTA"|1|1|1|6.0|0|1|6.0|0|0|0|0|0|0|0|0|0|0|0|0|0|0|0|0|11
333|11|"PASQUAL Manuel"|"EMPOLI"|1|1|1|5.0|0|1|5.0|0|0|0|0|0|0|0|0|0|0|0|0|0|0|0|0|8
334|11|"PAZ Nehuén"|"BOLOGNA"|1|1|0|0.0|0|0|0.0|0|0|0|0|0|0|0|0|0|0|0|0|0|0|0|0|4
335|11|"PELLEGRINI Luca"|"ROMA"|1|1|0|0.0|0|0|0.0|0|0|0|0|0|0|0|0|0|0|0|0|0|0|0|0|2
336|11|"PELUSO Federico"|"SASSUOLO"|1|1|0|0.0|0|0|0.0|0|0|0|0|0|0|0|0|0|0|0|0|0|0|0|0|4
337|11|"PEREIRA Pedro"|"GENOA"|1|1|1|4.5|0|1|4.5|0|0|0|0|0|0|0|0|0|0|0|0|0|0|0|0|4
338|11|"PEZZELLA German"|"FIORENTINA"|1|1|1|6.5|0|1|6.5|0|0|0|0|0|0|0|0|0|0|0|0|0|0|0|0|12
339|11|"PEZZELLA Giuseppe"|"UDINESE"|1|1|0|0.0|0|0|0.0|0|0|0|0|0|0|0|0|0|0|0|0|0|0|0|0|4
340|11|"PISACANE Fabio"|"CAGLIARI"|1|1|1|5.0|0|1|5.5|0|0|0|0|0|1|0|0|0|0|0|0|0|0|0|0|6
341|11|"POLVANI Luca"|"EMPOLI"|1|1|0|0.0|0|0|0.0|0|0|0|0|0|0|0|0|0|0|0|0|0|0|0|0|2
342|11|"RADU Stefan"|"LAZIO"|1|1|1|6.5|0|1|6.5|0|0|0|0|0|0|0|0|0|0|0|0|0|0|0|0|9
343|11|"RANOCCHIA Andrea"|"INTER"|1|1|0|0.0|0|0|0.0|0|0|0|0|0|0|0|0|0|0|0|0|0|0|0|0|4
344|11|"RASMUSSEN Jacob"|"EMPOLI"|1|1|0|0.0|0|0|0.0|0|0|0|0|0|0|0|0|0|0|0|0|0|0|0|0|4
345|11|"RECA Arkadiusz"|"ATALANTA"|1|1|0|0.0|0|0|0.0|0|0|0|0|0|0|0|0|0|0|0|0|0|0|0|0|4
346|11|"REGINI Vasco"|"SAMPDORIA"|1|1|0|0.0|0|0|0.0|0|0|0|0|0|0|0|0|0|0|0|0|0|0|0|0|4
347|11|"RODRIGUEZ Ricardo"|"MILAN"|1|1|1|6.0|0|1|6.0|0|0|0|0|0|0|0|0|0|0|0|0|0|0|0|0|13
348|11|"ROGERIO Oliveira Da Silva"|"SASSUOLO"|1|1|1|6.5|0|1|6.5|0|0|0|0|0|0|0|0|0|0|0|0|0|0|0|0|5
349|11|"ROLANDO Gabriele"|"SAMPDORIA"|1|1|0|0.0|0|0|0.0|0|0|0|0|0|0|0|0|0|0|0|0|0|0|0|0|3
350|11|"ROMAGNA Filippo"|"CAGLIARI"|1|1|0|0.0|0|0|0.0|0|0|0|0|0|0|0|0|0|0|0|0|0|0|0|0|7
351|11|"ROMAGNOLI Alessio"|"MILAN"|1|1|1|11.5|0|1|7.5|1|0|0|0|0|1|0|0|0|0|0|0|0|0|0|0|17
352|11|"ROMAGNOLI Simone"|"EMPOLI"|0|1|0|0.0|0|0|0.0|0|0|0|0|0|0|0|0|0|0|0|0|0|0|0|0|3
353|11|"ROSSETTINI Luca"|"CHIEVO"|1|1|1|6.0|0|1|6.0|0|0|0|0|0|0|0|0|0|0|0|0|0|0|0|0|4
354|11|"RUGANI Daniele"|"JUVENTUS"|1|1|0|0.0|0|0|0.0|0|0|0|0|0|0|0|0|0|0|0|0|0|0|0|0|8
355|11|"RUSSO Adriano"|"FROSINONE"|0|1|0|0.0|0|0|0.0|0|0|0|0|0|0|0|0|0|0|0|0|0|0|0|0|2
356|11|"SALA Jacopo"|"SAMPDORIA"|1|1|0|0.0|0|0|0.0|0|0|0|0|0|0|0|0|0|0|0|0|0|0|0|0|3
357|11|"SALAMON Bartosz"|"FROSINONE"|1|1|0|0.0|0|0|0.0|0|0|0|0|0|0|0|0|0|0|0|0|0|0|0|0|4
358|11|"SAMIR Caetano de Sousa"|"UDINESE"|1|1|1|5.0|0|1|5.5|0|0|0|0|0|1|0|0|0|0|0|0|0|0|0|0|7
359|11|"SANTON Davide"|"ROMA"|1|1|0|0.0|0|0|0.0|0|0|0|0|0|0|0|0|0|0|0|0|0|0|0|0|6
360|11|"SCAGLIA Luigi"|"PARMA"|0|1|0|0.0|0|0|0.0|0|0|0|0|0|0|0|0|0|0|0|0|0|0|0|0|4
361|11|"SERNICOLA Leonardo"|"SASSUOLO"|1|1|0|0.0|0|0|0.0|0|0|0|0|0|0|0|0|0|0|0|0|0|0|0|0|1
362|11|"SIMIC Stefan"|"MILAN"|1|1|0|0.0|0|0|0.0|0|0|0|0|0|0|0|0|0|0|0|0|0|0|0|0|2
363|11|"SKRINIAR Milan"|"INTER"|1|1|1|7.0|0|1|7.0|0|0|0|0|0|0|0|0|0|0|0|0|0|0|0|0|19
364|11|"SPINAZZOLA Leonardo"|"JUVENTUS"|1|1|0|0.0|0|0|0.0|0|0|0|0|0|0|0|0|0|0|0|0|0|0|0|0|5
365|11|"SPOLLI Nicolas"|"GENOA"|1|1|0|0.0|0|0|0.0|0|0|0|0|0|0|0|0|0|0|0|0|0|0|0|0|5
366|11|"SRNA Darijo"|"CAGLIARI"|1|1|1|6.0|0|1|6.0|0|0|0|0|0|0|0|0|0|0|0|0|0|0|0|0|13
367|11|"STRINIC Ivan"|"MILAN"|1|1|0|0.0|0|0|0.0|0|0|0|0|0|0|0|0|0|0|0|0|0|0|0|0|4
368|11|"TANASIJEVIC Strahinja"|"CHIEVO"|1|1|1|3.5|0|1|4.5|0|0|0|0|0|0|1|0|0|0|0|0|0|0|0|0|1
369|11|"TAVARES Junior"|"SAMPDORIA"|1|1|0|0.0|0|0|0.0|0|0|0|0|0|0|0|0|0|0|0|0|0|0|0|0|4
370|11|"TER AVEST Hidde"|"UDINESE"|1|1|1|6.5|0|1|6.5|0|0|0|0|0|0|0|0|0|0|0|0|0|0|0|0|5
371|11|"TERRANOVA Emanuele"|"FROSINONE"|0|1|0|0.0|0|0|0.0|0|0|0|0|0|0|0|0|0|0|0|0|0|0|0|0|6
372|11|"TOLOI Rafael"|"ATALANTA"|1|1|1|6.0|0|1|6.0|0|0|0|0|0|0|0|0|0|0|0|0|0|0|0|0|11
373|11|"TOMOVIC Nenad"|"CHIEVO"|1|1|0|0.0|0|0|0.0|0|0|0|0|0|0|0|0|0|0|0|0|0|0|0|0|7
374|11|"TONELLI Lorenzo"|"SAMPDORIA"|1|1|1|5.0|0|1|5.0|0|0|0|0|0|0|0|0|0|0|0|0|0|0|0|0|8
375|11|"UNTERSEE Joel"|"EMPOLI"|1|1|0|0.0|0|0|0.0|0|0|0|0|0|0|0|0|0|0|0|0|0|0|0|0|3
376|11|"VAISANEN Sauli"|"SPAL"|0|1|0|0.0|0|0|0.0|0|0|0|0|0|0|0|0|0|0|0|0|0|0|0|0|3
377|11|"VALJENT Martin"|"CHIEVO"|0|1|0|0.0|0|0|0.0|0|0|0|0|0|0|0|0|0|0|0|0|0|0|0|0|3
378|11|"VARNIER Marco"|"ATALANTA"|1|1|0|0.0|0|0|0.0|0|0|0|0|0|0|0|0|0|0|0|0|0|0|0|0|4
379|11|"VENUTI Lorenzo"|"FIORENTINA"|0|1|0|0.0|0|0|0.0|0|0|0|0|0|0|0|0|0|0|0|0|0|0|0|0|4
380|11|"VESELI Frederic"|"EMPOLI"|1|1|0|0.0|0|0|0.0|0|0|0|0|0|0|0|0|0|0|0|0|0|0|0|0|4
381|11|"VICARI Francesco"|"SPAL"|1|1|1|5.0|0|1|5.0|0|0|0|0|0|0|0|0|0|0|0|0|0|0|0|0|8
382|11|"VITOR HUGO Franchescoli de Souza"|"FIORENTINA"|1|1|1|6.0|0|1|6.5|0|0|0|0|0|1|0|0|0|0|0|0|0|0|0|0|9
383|11|"WAGUE Molla"|"UDINESE"|1|1|0|0.0|0|0|0.0|0|0|0|0|0|0|0|0|0|0|0|0|0|0|0|0|4
384|11|"WALLACE Oliveira dos Santos"|"LAZIO"|1|1|1|5.5|0|1|5.5|0|0|0|0|0|0|0|0|0|0|0|0|0|0|0|0|5
385|11|"ZAPATA Cristian"|"MILAN"|1|1|1|5.5|0|1|6.0|0|0|0|0|0|1|0|0|0|0|0|0|0|0|0|0|5
386|11|"ZUKANOVIC Ervin"|"GENOA"|1|1|0|0.0|0|0|0.0|0|0|0|0|0|0|0|0|0|0|0|0|0|0|0|0|5
387|11|"SIERRALTA Francisco"|"PARMA"|1|1|0|0.0|0|0|0.0|0|0|0|0|0|0|0|0|0|0|0|0|0|0|0|0|2
388|11|"PATRIC Patricio Gabarron Gil"|"LAZIO"|1|1|1|6.5|0|1|6.5|0|0|0|0|0|0|0|0|0|0|0|0|0|0|0|0|6
389|11|"MATTIELLO Federico"|"BOLOGNA"|1|1|0|0.0|0|0|0.0|0|0|0|0|0|0|0|0|0|0|0|0|0|0|0|0|9
390|11|"DJOUROU Johan Danon"|"SPAL"|1|1|0|0.0|0|0|0.0|0|0|0|0|0|0|0|0|0|0|0|0|0|0|0|0|7
391|11|"TRIPALDELLI Alessandro"|"SASSUOLO"|0|1|0|0.0|0|0|0.0|0|0|0|0|0|0|0|0|0|0|0|0|0|0|0|0|1
392|11|"LUKAKU Jordan Zacharie"|"LAZIO"|1|1|1|6.0|0|1|6.0|0|0|0|0|0|0|0|0|0|0|0|0|0|0|0|0|6
393|11|"MAGNANI Giangiacomo"|"SASSUOLO"|1|1|1|7.0|0|1|7.0|0|0|0|0|0|0|0|0|0|0|0|0|0|0|0|0|5
394|11|"GILLEKENS Jordy"|"FIORENTINA"|1|1|0|0.0|0|0|0.0|0|0|0|0|0|0|0|0|0|0|0|0|0|0|0|0|1
395|11|"GABBIA Matteo"|"MILAN"|0|1|0|0.0|0|0|0.0|0|0|0|0|0|0|0|0|0|0|0|0|0|0|0|0|1
396|11|"BELLANOVA Raoul"|"MILAN"|1|1|0|0.0|0|0|0.0|0|0|0|0|0|0|0|0|0|0|0|0|0|0|0|0|1
397|11|"VRSALJKO Sime"|"INTER"|1|1|0|0.0|0|0|0.0|0|0|0|0|0|0|0|0|0|0|0|0|0|0|0|0|12
398|11|"LOPEZ Lisandro"|"GENOA"|1|1|0|0.0|0|0|0.0|0|0|0|0|0|0|0|0|0|0|0|0|0|0|0|0|4
399|11|"SILVESTRE Matias"|"EMPOLI"|1|1|1|5.0|0|1|5.0|0|0|0|0|0|0|0|0|0|0|0|0|0|0|0|0|10
400|11|"MALCUIT Kevin"|"NAPOLI"|1|1|1|6.0|0|1|6.0|0|0|0|0|0|0|0|0|0|0|0|0|0|0|0|0|8
401|11|"ANDERSON Djavan"|"LAZIO"|0|1|0|0.0|0|0|0.0|0|0|0|0|0|0|0|0|0|0|0|0|0|0|0|0|4
402|11|"FERIGRA Erick"|"TORINO"|1|1|0|0.0|0|0|0.0|0|0|0|0|0|0|0|0|0|0|0|0|0|0|0|0|1
403|11|"CORBO Gabriele"|"BOLOGNA"|1|1|0|0.0|0|0|0.0|0|0|0|0|0|0|0|0|0|0|0|0|0|0|0|0|1
404|11|"BARBA Federico"|"CHIEVO"|1|1|0|0.0|0|0|0.0|0|0|0|0|0|0|0|0|0|0|0|0|0|0|0|0|4
405|11|"AINA Ola"|"TORINO"|1|1|1|8.5|0|1|7.5|0|0|0|0|1|0|0|0|0|0|0|0|0|0|0|0|8
406|11|"DJIDJI Koffi"|"TORINO"|1|1|1|6.5|0|1|6.5|0|0|0|0|0|0|0|0|0|0|0|0|0|0|0|0|7
407|11|"ZAMPANO Francesco"|"FROSINONE"|1|1|1|6.5|0|1|6.5|0|0|0|0|0|0|0|0|0|0|0|0|0|0|0|0|7
408|11|"SIMIC Lorenco"|"SPAL"|1|1|0|0.0|0|0|0.0|0|0|0|0|0|0|0|0|0|0|0|0|0|0|0|0|4
409|11|"MARLON -"|"SASSUOLO"|1|1|1|6.5|0|1|6.5|0|0|0|0|0|0|0|0|0|0|0|0|0|0|0|0|10
410|11|"DJIMSITI Berat"|"ATALANTA"|1|1|0|0.0|0|0|0.0|0|0|0|0|0|0|0|0|0|0|0|0|0|0|0|0|4
411|11|"TROOST-EKONG William"|"UDINESE"|1|1|1|5.5|0|1|6.0|0|0|0|0|0|1|0|0|0|0|0|0|0|0|0|0|8
412|11|"VERGARA Jherson"|"CAGLIARI"|0|1|0|0.0|0|0|0.0|0|0|0|0|0|0|0|0|0|0|0|0|0|0|0|0|2
413|11|"SALVI Matteo"|"SPAL"|1|1|0|0.0|0|0|0.0|0|0|0|0|0|0|0|0|0|0|0|0|0|0|0|0|1
414|11|"FERRARESI Stefano"|"SASSUOLO"|1|1|0|0.0|0|0|0.0|0|0|0|0|0|0|0|0|0|0|0|0|0|0|0|0|1
415|11|"KLAVAN Ragnar"|"CAGLIARI"|1|1|0|0.0|0|0|0.0|0|0|0|0|0|0|0|0|0|0|0|0|0|0|0|0|7
416|11|"RIGIONE Michele"|"CHIEVO"|1|1|0|0.0|0|0|0.0|0|0|0|0|0|0|0|0|0|0|0|0|0|0|0|0|2
417|11|"ROMERO Cristian"|"GENOA"|1|1|1|6.0|0|1|6.0|0|0|0|0|0|0|0|0|0|0|0|0|0|0|0|0|5
418|11|"DI MAGGIO Andrea"|"PARMA"|1|1|0|0.0|0|0|0.0|0|0|0|0|0|0|0|0|0|0|0|0|0|0|0|0|1
500|11|"ACQUAH Afriyie"|"EMPOLI"|1|2|1|5.5|0|1|5.5|0|0|0|0|0|0|0|0|0|0|0|0|0|0|0|0|7
501|11|"ALLAN Marques Loureiro"|"NAPOLI"|1|2|1|6.0|0|1|6.0|0|0|0|0|0|0|0|0|0|0|0|0|0|0|0|0|20
503|11|"BADU Emmanuel"|"UDINESE"|1|2|0|0.0|0|0|0.0|0|0|0|0|0|0|0|0|0|0|0|0|0|0|0|0|4
504|11|"BALIC Andrija"|"UDINESE"|1|2|0|0.0|0|0|0.0|0|0|0|0|0|0|0|0|0|0|0|0|0|0|0|0|4
505|11|"BANDINELLI Filippo"|"SASSUOLO"|0|2|0|0.0|0|0|0.0|0|0|0|0|0|0|0|0|0|0|0|0|0|0|0|0|3
506|11|"BARAK Antonin"|"UDINESE"|1|2|0|0.0|0|0|0.0|0|0|0|0|0|0|0|0|0|0|0|0|0|0|0|0|16
507|11|"BARELLA Nicolò"|"CAGLIARI"|1|2|1|6.0|0|1|6.0|0|0|0|0|0|0|0|0|0|0|0|0|0|0|0|0|19
508|11|"BARILLÀ Antonino"|"PARMA"|1|2|0|0.0|0|0|0.0|0|0|0|0|0|0|0|0|0|0|0|0|0|0|0|0|10
509|11|"BARRETO Edgar"|"SAMPDORIA"|1|2|0|0.0|0|0|0.0|0|0|0|0|0|0|0|0|0|0|0|0|0|0|0|0|9
510|11|"BASELLI Daniele"|"TORINO"|1|2|1|6.5|0|1|6.5|0|0|0|0|0|0|0|0|0|0|0|0|0|0|0|0|17
511|11|"BAUMGARTNER Denis"|"SAMPDORIA"|0|2|0|0.0|0|0|0.0|0|0|0|0|0|0|0|0|0|0|0|0|0|0|0|0|1
512|11|"BEGHETTO Andrea"|"FROSINONE"|1|2|1|6.5|0|1|6.5|0|0|0|0|0|0|0|0|0|0|0|0|0|0|0|0|5
513|11|"BEHRAMI Valon"|"UDINESE"|1|2|0|0.0|0|0|0.0|0|0|0|0|0|0|0|0|0|0|0|0|0|0|0|0|6
514|11|"BENASSI Marco"|"FIORENTINA"|1|2|1|5.5|0|1|5.5|0|0|0|0|0|0|0|0|0|0|0|0|0|0|0|0|21
515|11|"BENNACER Ismael"|"EMPOLI"|1|2|1|5.0|0|1|5.5|0|0|0|0|0|1|0|0|0|0|0|0|0|0|0|0|8
516|11|"BENTANCUR Rodrigo"|"JUVENTUS"|1|2|1|6.5|0|1|6.5|0|0|0|0|0|0|0|0|0|0|0|0|0|0|0|0|10
517|11|"BERENGUER Alex"|"TORINO"|1|2|1|6.5|0|1|6.5|0|0|0|0|0|0|0|0|0|0|0|0|0|0|0|0|11
518|11|"BERISHA Valon"|"LAZIO"|1|2|1|6.0|0|1|6.0|0|0|0|0|0|0|0|0|0|0|0|0|0|0|0|0|10
519|11|"BERNARDESCHI Federico"|"JUVENTUS"|1|2|0|0.0|0|0|0.0|0|0|0|0|0|0|0|0|0|0|0|0|0|0|0|0|19
520|11|"BERTOLACCI Andrea"|"MILAN"|1|2|0|0.0|0|0|0.0|0|0|0|0|0|0|0|0|0|0|0|0|0|0|0|0|7
521|11|"BESEA Emmanuel"|"FROSINONE"|1|2|0|0.0|0|0|0.0|0|0|0|0|0|0|0|0|0|0|0|0|0|0|0|0|2
522|11|"BESSA Daniel"|"GENOA"|1|2|1|4.5|0|1|4.5|0|0|0|0|0|0|0|0|0|0|0|0|0|0|0|0|14
523|11|"BIGLIA Lucas"|"MILAN"|1|2|0|0.0|0|0|0.0|0|0|0|0|0|0|0|0|0|0|0|0|0|0|0|0|13
524|11|"BIRSA Valter"|"CHIEVO"|1|2|1|5.5|0|1|5.5|0|0|0|0|0|0|0|0|0|0|0|0|0|0|0|0|16
525|11|"BOATENG Kevin-Prince"|"SASSUOLO"|1|2|1|5.5|0|1|5.5|0|0|0|0|0|0|0|0|0|0|0|0|0|0|0|0|20
526|11|"BONAVENTURA Giacomo"|"MILAN"|1|2|0|0.0|0|0|0.0|0|0|0|0|0|0|0|0|0|0|0|0|0|0|0|0|25
527|11|"BORINI Fabio"|"MILAN"|1|2|1|6.0|0|1|6.0|0|0|0|0|0|0|0|0|0|0|0|0|0|0|0|0|8
528|11|"BORJA VALERO Iglesias"|"INTER"|1|2|1|6.0|0|1|6.0|0|0|0|0|0|0|0|0|0|0|0|0|0|0|0|0|9
529|11|"BOURABIA Mehdi"|"SASSUOLO"|1|2|0|0.0|0|0|0.0|0|0|0|0|0|0|0|0|0|0|0|0|0|0|0|0|8
530|11|"BRIGHI Matteo"|"EMPOLI"|1|2|0|0.0|0|0|0.0|0|0|0|0|0|0|0|0|0|0|0|0|0|0|0|0|4
531|11|"BROZOVIC Marcelo"|"INTER"|1|2|1|7.5|0|1|7.5|0|0|0|0|0|0|0|0|0|0|0|0|0|0|0|0|21
532|11|"CALHANOGLU Hakan"|"MILAN"|1|2|0|0.0|0|0|0.0|0|0|0|0|0|0|0|0|0|0|0|0|0|0|0|0|20
533|11|"CALIGARA Fabrizio"|"CAGLIARI"|0|2|0|0.0|0|0|0.0|0|0|0|0|0|0|0|0|0|0|0|0|0|0|0|0|1
534|11|"CALLEGARI Lorenzo"|"GENOA"|0|2|0|0.0|0|0|0.0|0|0|0|0|0|0|0|0|0|0|0|0|0|0|0|0|1
535|11|"CAN Emre"|"JUVENTUS"|1|2|0|0.0|0|0|0.0|0|0|0|0|0|0|0|0|0|0|0|0|0|0|0|0|18
536|11|"CANDREVA Antonio"|"INTER"|1|2|0|0.0|0|0|0.0|0|0|0|0|0|0|0|0|0|0|0|0|0|0|0|0|15
537|11|"CAPEZZI Leonardo"|"EMPOLI"|1|2|0|0.0|0|0|0.0|0|0|0|0|0|0|0|0|0|0|0|0|0|0|0|0|4
538|11|"CASSATA Francesco"|"FROSINONE"|1|2|0|0.0|0|0|0.0|0|0|0|0|0|0|0|0|0|0|0|0|0|0|0|0|5
539|11|"CASTRO Lucas"|"CAGLIARI"|1|2|1|5.5|0|1|5.5|0|0|0|0|0|0|0|0|0|0|0|0|0|0|0|0|17
540|11|"CATALDI Danilo"|"LAZIO"|1|2|1|12.0|0|1|7.0|1|0|0|0|1|0|0|0|0|0|0|0|0|0|0|0|7
541|11|"CHIBSAH Raman"|"FROSINONE"|1|2|1|4.5|0|1|5.0|0|0|0|0|0|1|0|0|0|0|0|0|0|0|0|0|9
542|11|"CHIESA Federico"|"FIORENTINA"|1|2|1|6.5|0|1|6.5|0|0|0|0|0|0|0|0|0|0|0|0|0|0|0|0|24
543|11|"CIGARINI Luca"|"CAGLIARI"|1|2|1|6.0|0|1|6.0|0|0|0|0|0|0|0|0|0|0|0|0|0|0|0|0|9
544|11|"COLOMBATTO Santiago"|"CAGLIARI"|0|2|0|0.0|0|0|0.0|0|0|0|0|0|0|0|0|0|0|0|0|0|0|0|0|3
545|11|"CORIC Ante"|"ROMA"|1|2|0|0.0|0|0|0.0|0|0|0|0|0|0|0|0|0|0|0|0|0|0|0|0|7
546|11|"COULIBALY Mamadou"|"UDINESE"|1|2|0|0.0|0|0|0.0|0|0|0|0|0|0|0|0|0|0|0|0|0|0|0|0|3
547|11|"CRISETIG Lorenzo"|"FROSINONE"|1|2|0|0.0|0|0|0.0|0|0|0|0|0|0|0|0|0|0|0|0|0|0|0|0|4
548|11|"CRISTANTE Bryan"|"ROMA"|1|2|1|5.5|0|1|5.5|0|0|0|0|0|0|0|0|0|0|0|0|0|0|0|0|19
549|11|"CRISTOFORO Sebastian"|"FIORENTINA"|0|2|0|0.0|0|0|0.0|0|0|0|0|0|0|0|0|0|0|0|0|0|0|0|0|3
550|11|"CUADRADO Juan"|"JUVENTUS"|1|2|1|10.5|0|1|6.5|1|0|0|0|0|0|0|0|0|0|0|0|0|0|0|0|20
551|11|"D'ALESSANDRO Marco"|"UDINESE"|1|2|0|0.0|0|0|0.0|0|0|0|0|0|0|0|0|0|0|0|0|0|0|0|0|6
552|11|"DABO Bryan"|"FIORENTINA"|1|2|1|5.5|0|1|5.5|0|0|0|0|0|0|0|0|0|0|0|0|0|0|0|0|8
553|11|"DE PAUL Rodrigo"|"UDINESE"|1|2|1|5.5|0|1|5.5|0|0|0|0|0|0|0|0|0|0|0|0|0|0|0|0|24
554|11|"DE ROON Marten"|"ATALANTA"|1|2|1|6.5|0|1|6.5|0|0|0|0|0|0|0|0|0|0|0|0|0|0|0|0|15
555|11|"DE ROSSI Daniele"|"ROMA"|1|2|0|0.0|0|0|0.0|0|0|0|0|0|0|0|0|0|0|0|0|0|0|0|0|12
556|11|"DEIOLA Alessandro"|"PARMA"|1|2|1|6.0|0|1|6.0|0|0|0|0|0|0|0|0|0|0|0|0|0|0|0|0|4
557|11|"DEPAOLI Fabio"|"CHIEVO"|1|2|1|5.0|0|1|5.5|0|0|0|0|0|1|0|0|0|0|0|0|0|0|0|0|6
558|11|"DESSENA Daniele"|"CAGLIARI"|1|2|0|0.0|0|0|0.0|0|0|0|0|0|0|0|0|0|0|0|0|0|0|0|0|4
559|11|"DEZI Jacopo"|"PARMA"|1|2|0|0.0|0|0|0.0|0|0|0|0|0|0|0|0|0|0|0|0|0|0|0|0|5
560|11|"DI GENNARO Davide"|"LAZIO"|0|2|0|0.0|0|0|0.0|0|0|0|0|0|0|0|0|0|0|0|0|0|0|0|0|3
561|11|"DIAWARA Amadou"|"NAPOLI"|1|2|1|5.5|0|1|5.5|0|0|0|0|0|0|0|0|0|0|0|0|0|0|0|0|9
562|11|"DJURICIC Filip"|"SASSUOLO"|1|2|0|0.0|0|0|0.0|0|0|0|0|0|0|0|0|0|0|0|0|0|0|0|0|11
563|11|"DONSAH Godfred"|"BOLOGNA"|1|2|0|0.0|0|0|0.0|0|0|0|0|0|0|0|0|0|0|0|0|0|0|0|0|5
564|11|"DOUGLAS COSTA de Souza"|"JUVENTUS"|1|2|1|6.0|0|1|6.0|0|0|0|0|0|0|0|0|0|0|0|0|0|0|0|0|22
565|11|"DUNCAN Alfred"|"SASSUOLO"|1|2|1|5.5|0|1|5.5|0|0|0|0|0|0|0|0|0|0|0|0|0|0|0|0|10
566|11|"DZEMAILI Blerim"|"BOLOGNA"|1|2|1|5.5|0|1|5.5|0|0|0|0|0|0|0|0|0|0|0|0|0|0|0|0|10
567|11|"EMMERS Xian"|"INTER"|0|2|0|0.0|0|0|0.0|0|0|0|0|0|0|0|0|0|0|0|0|0|0|0|0|1
568|11|"EVANGELISTA Lucas"|"UDINESE"|0|2|0|0.0|0|0|0.0|0|0|0|0|0|0|0|0|0|0|0|0|0|0|0|0|5
569|11|"EVERTON LUIZ Guimaraes Bilher"|"SPAL"|1|2|1|4.0|0|1|4.5|0|0|0|0|0|1|0|0|0|0|0|0|0|0|0|0|5
570|11|"EYSSERIC Valentin"|"FIORENTINA"|1|2|0|0.0|0|0|0.0|0|0|0|0|0|0|0|0|0|0|0|0|0|0|0|0|10
571|11|"FARES Mohamed"|"SPAL"|1|2|0|0.0|0|0|0.0|0|0|0|0|0|0|0|0|0|0|0|0|0|0|0|0|6
572|11|"FOFANA Seko"|"UDINESE"|1|2|1|5.5|0|1|5.5|0|0|0|0|0|0|0|0|0|0|0|0|0|0|0|0|14
573|11|"FRATTESI Davide"|"SASSUOLO"|0|2|0|0.0|0|0|0.0|0|0|0|0|0|0|0|0|0|0|0|0|0|0|0|0|1
574|11|"FREDIANI Marco"|"PARMA"|0|2|0|0.0|0|0|0.0|0|0|0|0|0|0|0|0|0|0|0|0|0|0|0|0|1
575|11|"FREULER Remo"|"ATALANTA"|1|2|1|6.0|0|1|6.0|0|0|0|0|0|0|0|0|0|0|0|0|0|0|0|0|17
576|11|"GAGLIARDINI Roberto"|"INTER"|1|2|1|15.5|0|1|7.5|2|0|0|0|0|0|0|0|0|0|0|0|0|0|0|0|15
577|11|"GARRITANO Luca"|"CHIEVO"|0|2|0|0.0|0|0|0.0|0|0|0|0|0|0|0|0|0|0|0|0|0|0|0|0|5
578|11|"GAUDINO Gianluca"|"CHIEVO"|0|2|0|0.0|0|0|0.0|0|0|0|0|0|0|0|0|0|0|0|0|0|0|0|0|4
579|11|"GERSON Santos Da Silva"|"FIORENTINA"|1|2|1|6.0|0|1|6.0|0|0|0|0|0|0|0|0|0|0|0|0|0|0|0|0|9
580|11|"GIACCHERINI Emanuele"|"CHIEVO"|1|2|1|3.0|0|1|5.0|0|0|0|0|0|0|0|0|0|0|0|1|0|0|0|0|16
581|11|"GIORNO Francesco"|"PARMA"|0|2|0|0.0|0|0|0.0|0|0|0|0|0|0|0|0|0|0|0|0|0|0|0|0|1
582|11|"GONALONS Maxime"|"ROMA"|0|2|0|0.0|0|0|0.0|0|0|0|0|0|0|0|0|0|0|0|0|0|0|0|0|6
583|11|"GORI Mirko"|"FROSINONE"|1|2|1|5.5|0|1|6.0|0|0|0|0|0|1|0|0|0|0|0|0|0|0|0|0|4
584|11|"GRASSI Alberto"|"PARMA"|1|2|0|0.0|0|0|0.0|0|0|0|0|0|0|0|0|0|0|0|0|0|0|0|0|8
585|11|"HAAS Nicolas"|"ATALANTA"|0|2|0|0.0|0|0|0.0|0|0|0|0|0|0|0|0|0|0|0|0|0|0|0|0|3
586|11|"HALILOVIC Alen"|"MILAN"|1|2|0|0.0|0|0|0.0|0|0|0|0|0|0|0|0|0|0|0|0|0|0|0|0|6
587|11|"HALLFREDSSON Emil"|"FROSINONE"|1|2|0|0.0|0|0|0.0|0|0|0|0|0|0|0|0|0|0|0|0|0|0|0|0|5
588|11|"HAMSIK Marek"|"NAPOLI"|1|2|0|0.0|0|0|0.0|0|0|0|0|0|0|0|0|0|0|0|0|0|0|0|0|20
589|11|"HETEMAJ Perparim"|"CHIEVO"|1|2|0|0.0|0|0|0.0|0|0|0|0|0|0|0|0|0|0|0|0|0|0|0|0|9
590|11|"HILJEMARK Oscar"|"GENOA"|1|2|0|0.0|0|0|0.0|0|0|0|0|0|0|0|0|0|0|0|0|0|0|0|0|9
591|11|"INGELSSON Svante"|"UDINESE"|1|2|0|0.0|0|0|0.0|0|0|0|0|0|0|0|0|0|0|0|0|0|0|0|0|3
592|11|"IONITA Artur"|"CAGLIARI"|1|2|1|6.0|0|1|6.0|0|0|0|0|0|0|0|0|0|0|0|0|0|0|0|0|8
593|11|"JANKTO Jakub"|"SAMPDORIA"|1|2|0|0.0|0|0|0.0|0|0|0|0|0|0|0|0|0|0|0|0|0|0|0|0|14
594|11|"JOAO PEDRO Geraldino Galvao"|"CAGLIARI"|1|2|1|10.0|0|1|6.0|1|0|0|0|0|0|0|0|0|0|0|0|0|0|0|0|20
595|11|"KATUMA Aron"|"SPAL"|1|2|0|0.0|0|0|0.0|0|0|0|0|0|0|0|0|0|0|0|0|0|0|0|0|1
596|11|"KESSIE Franck"|"MILAN"|1|2|1|6.0|0|1|6.5|0|0|0|0|0|1|0|0|0|0|0|0|0|0|0|0|19
597|11|"KHEDIRA Sami"|"JUVENTUS"|1|2|0|0.0|0|0|0.0|0|0|0|0|0|0|0|0|0|0|0|0|0|0|0|0|22
598|11|"KINGSLEY Michael"|"BOLOGNA"|0|2|0|0.0|0|0|0.0|0|0|0|0|0|0|0|0|0|0|0|0|0|0|0|0|1
599|11|"KIYINE Sofian"|"CHIEVO"|1|2|1|5.0|0|1|5.5|0|0|0|0|0|1|0|0|0|0|0|0|0|0|0|0|5
600|11|"KONÉ Moussa"|"FROSINONE"|0|2|0|0.0|0|0|0.0|0|0|0|0|0|0|0|0|0|0|0|0|0|0|0|0|4
601|11|"KREJCI Ladislav"|"BOLOGNA"|1|2|1|5.0|0|1|5.0|0|0|0|0|0|0|0|0|0|0|0|0|0|0|0|0|5
602|11|"KRUNIC Rade"|"EMPOLI"|1|2|1|6.5|0|1|5.5|0|0|0|0|1|0|0|0|0|0|0|0|0|0|0|0|13
603|11|"KULUSEVSKI Dejan"|"ATALANTA"|1|2|0|0.0|0|0|0.0|0|0|0|0|0|0|0|0|0|0|0|0|0|0|0|0|1
604|11|"KURTIC Jasmin"|"SPAL"|1|2|0|0.0|0|0|0.0|0|0|0|0|0|0|0|0|0|0|0|0|0|0|0|0|12
605|11|"LAXALT Diego"|"MILAN"|1|2|1|6.0|0|1|6.0|0|0|0|0|0|0|0|0|0|0|0|0|0|0|0|0|12
606|11|"LAZOVIC Darko"|"GENOA"|1|2|1|5.0|0|1|5.0|0|0|0|0|0|0|0|0|0|0|0|0|0|0|0|0|7
607|11|"LAZZARI Manuel"|"SPAL"|1|2|1|7.5|0|1|6.5|0|0|0|0|1|0|0|0|0|0|0|0|0|0|0|0|16
608|11|"LEIVA Lucas"|"LAZIO"|1|2|0|0.0|0|0|0.0|0|0|0|0|0|0|0|0|0|0|0|0|0|0|0|0|15
609|11|"LINETTY Karol"|"SAMPDORIA"|1|2|1|5.0|0|1|5.0|0|0|0|0|0|0|0|0|0|0|0|0|0|0|0|0|14
610|11|"LJAJIC Adem"|"TORINO"|0|2|0|0.0|0|0|0.0|0|0|0|0|0|0|0|0|0|0|0|0|0|0|0|0|22
611|11|"LOCATELLI Manuel"|"SASSUOLO"|1|2|0|0.0|0|0|0.0|0|0|0|0|0|0|0|0|0|0|0|0|0|0|0|0|5
612|11|"LOLLO Lorenzo"|"EMPOLI"|1|2|0|0.0|0|0|0.0|0|0|0|0|0|0|0|0|0|0|0|0|0|0|0|0|4
613|11|"LUKIC Sasa"|"TORINO"|1|2|0|0.0|0|0|0.0|0|0|0|0|0|0|0|0|0|0|0|0|0|0|0|0|5
614|11|"LULIC Senad"|"LAZIO"|1|2|1|6.0|0|1|6.0|0|0|0|0|0|0|0|0|0|0|0|0|0|0|0|0|15
615|11|"MAGNANELLI Francesco"|"SASSUOLO"|1|2|1|6.0|0|1|6.0|0|0|0|0|0|0|0|0|0|0|0|0|0|0|0|0|8
616|11|"MAIELLO Raffaele"|"FROSINONE"|1|2|1|5.0|0|1|5.5|0|0|0|0|0|1|0|0|0|0|0|0|0|0|0|0|4
617|11|"MANDRAGORA Rolando"|"UDINESE"|1|2|1|6.0|0|1|6.0|0|0|0|0|0|0|0|0|0|0|0|0|0|0|0|0|11
618|11|"MARCHISIO Claudio"|"JUVENTUS"|0|2|0|0.0|0|0|0.0|0|0|0|0|0|0|0|0|0|0|0|0|0|0|0|0|6
619|11|"MATUIDI Blaise"|"JUVENTUS"|1|2|1|5.0|0|1|5.5|0|0|0|0|0|1|0|0|0|0|0|0|0|0|0|0|19
620|11|"MAURI Josè"|"MILAN"|1|2|0|0.0|0|0|0.0|0|0|0|0|0|0|0|0|0|0|0|0|0|0|0|0|3
621|11|"MAZZITELLI Luca"|"GENOA"|1|2|0|0.0|0|0|0.0|0|0|0|0|0|0|0|0|0|0|0|0|0|0|0|0|6
622|11|"MEITE Soualiho"|"TORINO"|1|2|1|6.5|0|1|7.0|0|0|0|0|0|1|0|0|0|0|0|0|0|0|0|0|12
623|11|"MILINKOVIC Sergej"|"LAZIO"|1|2|1|6.0|0|1|6.0|0|0|0|0|0|0|0|0|0|0|0|0|0|0|0|0|24
624|11|"MINALA Joseph"|"LAZIO"|1|2|0|0.0|0|0|0.0|0|0|0|0|0|0|0|0|0|0|0|0|0|0|0|0|4
625|11|"MISSIROLI Simone"|"SPAL"|1|2|1|6.0|0|1|6.0|0|0|0|0|0|0|0|0|0|0|0|0|0|0|0|0|9
626|11|"MONTOLIVO Riccardo"|"MILAN"|1|2|0|0.0|0|0|0.0|0|0|0|0|0|0|0|0|0|0|0|0|0|0|0|0|4
627|11|"MURGIA Alessandro"|"LAZIO"|1|2|0|0.0|0|0|0.0|0|0|0|0|0|0|0|0|0|0|0|0|0|0|0|0|4
628|11|"NAGY Adam"|"BOLOGNA"|1|2|0|0.0|0|0|0.0|0|0|0|0|0|0|0|0|0|0|0|0|0|0|0|0|4
629|11|"NAINGGOLAN Radja"|"INTER"|1|2|1|10.5|0|1|6.5|1|0|0|0|0|0|0|0|0|0|0|0|0|0|0|0|24
630|11|"OBI Joel"|"CHIEVO"|1|2|1|4.5|0|1|5.0|0|0|0|0|0|1|0|0|0|0|0|0|0|0|0|0|9
631|11|"OMEONGA Stephane"|"GENOA"|1|2|0|0.0|0|0|0.0|0|0|0|0|0|0|0|0|0|0|0|0|0|0|0|0|4
632|11|"PADOIN Simone"|"CAGLIARI"|1|2|1|6.0|0|1|6.0|0|0|0|0|0|0|0|0|0|0|0|0|0|0|0|0|8
633|11|"PAGANINI Luca"|"FROSINONE"|1|2|0|0.0|0|0|0.0|0|0|0|0|0|0|0|0|0|0|0|0|0|0|0|0|4
634|11|"PARIGINI Vittorio"|"TORINO"|1|2|0|0.0|0|0|0.0|0|0|0|0|0|0|0|0|0|0|0|0|0|0|0|0|5
635|11|"PAROLO Marco"|"LAZIO"|1|2|1|11.0|0|1|7.0|1|0|0|0|0|0|0|0|0|0|0|0|0|0|0|0|18
636|11|"PASTORE Javier"|"ROMA"|1|2|0|0.0|0|0|0.0|0|0|0|0|0|0|0|0|0|0|0|0|0|0|0|0|24
637|11|"PELLEGRINI Lorenzo"|"ROMA"|1|2|1|6.0|0|1|6.5|0|0|0|0|0|1|0|0|0|0|0|0|0|0|0|0|17
638|11|"PERISIC Ivan"|"INTER"|1|2|1|6.0|0|1|6.0|0|0|0|0|0|0|0|0|0|0|0|0|0|0|0|0|25
639|11|"PEROTTI Diego"|"ROMA"|1|2|0|0.0|0|0|0.0|0|0|0|0|0|0|0|0|0|0|0|0|0|0|0|0|16
640|11|"PESSINA Matteo"|"ATALANTA"|1|2|0|0.0|0|0|0.0|0|0|0|0|0|0|0|0|0|0|0|0|0|0|0|0|4
641|11|"PJANIC Miralem"|"JUVENTUS"|1|2|1|5.5|0|1|5.5|0|0|0|0|0|0|0|0|0|0|0|0|0|0|0|0|22
642|11|"POLI Andrea"|"BOLOGNA"|1|2|1|5.5|0|1|5.5|0|0|0|0|0|0|0|0|0|0|0|0|0|0|0|0|8
643|11|"PONTISSO Simone"|"UDINESE"|1|2|0|0.0|0|0|0.0|0|0|0|0|0|0|0|0|0|0|0|0|0|0|0|0|1
644|11|"PRAET Dennis"|"SAMPDORIA"|1|2|1|5.5|0|1|6.0|0|0|0|0|0|1|0|0|0|0|0|0|0|0|0|0|12
645|11|"PULGAR Erick"|"BOLOGNA"|1|2|1|6.0|0|1|6.0|0|0|0|0|0|0|0|0|0|0|0|0|0|0|0|0|8
646|11|"RADOVANOVIC Ivan"|"CHIEVO"|1|2|1|5.0|0|1|5.0|0|0|0|0|0|0|0|0|0|0|0|0|0|0|0|0|8
647|11|"RAMIREZ Gastón"|"SAMPDORIA"|1|2|0|0.0|0|0|0.0|0|0|0|0|0|0|0|0|0|0|0|0|0|0|0|0|14
648|11|"RICCARDI Alessio"|"ROMA"|1|2|0|0.0|0|0|0.0|0|0|0|0|0|0|0|0|0|0|0|0|0|0|0|0|1
649|11|"RIGONI Luca"|"PARMA"|1|2|1|6.0|0|1|6.0|0|0|0|0|0|0|0|0|0|0|0|0|0|0|0|0|11
650|11|"RIGONI Nicola"|"CHIEVO"|1|2|0|0.0|0|0|0.0|0|0|0|0|0|0|0|0|0|0|0|0|0|0|0|0|5
651|11|"RINCON Tomas"|"TORINO"|1|2|1|6.0|0|1|6.5|0|0|0|0|0|1|0|0|0|0|0|0|0|0|0|0|11
652|11|"RIZZO Luca"|"BOLOGNA"|0|2|0|0.0|0|0|0.0|0|0|0|0|0|0|0|0|0|0|0|0|0|0|0|0|4
653|11|"ROG Marko"|"NAPOLI"|1|2|1|6.0|0|1|6.0|0|0|0|0|0|0|0|0|0|0|0|0|0|0|0|0|8
654|11|"ROMULO Orestes"|"GENOA"|1|2|1|5.5|0|1|5.5|0|0|0|0|0|0|0|0|0|0|0|0|0|0|0|0|14
655|11|"RUIZ Fabian"|"NAPOLI"|1|2|1|6.5|0|1|6.5|0|0|0|0|0|0|0|0|0|0|0|0|0|0|0|0|16
656|11|"SAMMARCO Paolo"|"FROSINONE"|1|2|0|0.0|0|0|0.0|0|0|0|0|0|0|0|0|0|0|0|0|0|0|0|0|4
657|11|"SANCHEZ Carlos"|"FIORENTINA"|0|2|0|0.0|0|0|0.0|0|0|0|0|0|0|0|0|0|0|0|0|0|0|0|0|5
658|11|"SANDRO Raniere"|"GENOA"|1|2|1|4.0|0|1|4.5|0|0|0|0|0|1|0|0|0|0|0|0|0|0|0|0|12
659|11|"SAPONARA Riccardo"|"SAMPDORIA"|1|2|1|5.0|0|1|5.0|0|0|0|0|0|0|0|0|0|0|0|0|0|0|0|0|14
660|11|"SCAVONE Manuel"|"PARMA"|0|2|0|0.0|0|0|0.0|0|0|0|0|0|0|0|0|0|0|0|0|0|0|0|0|6
661|11|"SCHETINO Andres"|"FIORENTINA"|0|2|0|0.0|0|0|0.0|0|0|0|0|0|0|0|0|0|0|0|0|0|0|0|0|2
662|11|"SCHIATTARELLA Pasquale"|"SPAL"|1|2|0|0.0|0|0|0.0|0|0|0|0|0|0|0|0|0|0|0|0|0|0|0|0|10
663|11|"SCOZZARELLA Matteo"|"PARMA"|1|2|0|0.0|0|0|0.0|0|0|0|0|0|0|0|0|0|0|0|0|0|0|0|0|4
664|11|"SENSI Stefano"|"SASSUOLO"|1|2|1|6.0|0|1|6.0|0|0|0|0|0|0|0|0|0|0|0|0|0|0|0|0|8
665|11|"SODDIMO Danilo"|"FROSINONE"|1|2|0|0.0|0|0|0.0|0|0|0|0|0|0|0|0|0|0|0|0|0|0|0|0|6
666|11|"STIJEPOVIC Ognjen"|"SAMPDORIA"|1|2|0|0.0|0|0|0.0|0|0|0|0|0|0|0|0|0|0|0|0|0|0|0|0|1
667|11|"STROOTMAN Kevin"|"ROMA"|0|2|0|0.0|0|0|0.0|0|0|0|0|0|0|0|0|0|0|0|0|0|0|0|0|13
668|11|"STULAC Leo"|"PARMA"|1|2|1|3.5|0|1|4.5|0|0|0|0|0|0|1|0|0|0|0|0|0|0|0|0|10
669|11|"STURARO Stefano"|"JUVENTUS"|0|2|0|0.0|0|0|0.0|0|0|0|0|0|0|0|0|0|0|0|0|0|0|0|0|4
670|11|"SVANBERG Mattias"|"BOLOGNA"|1|2|1|5.5|0|1|5.5|0|0|0|0|0|0|0|0|0|0|0|0|0|0|0|0|6
671|11|"TESSIORE Andrea"|"SAMPDORIA"|0|2|0|0.0|0|0|0.0|0|0|0|0|0|0|0|0|0|0|0|0|0|0|0|0|1
672|11|"TRAORÉ Hamed Junior"|"EMPOLI"|1|2|1|5.5|0|1|5.5|0|0|0|0|0|0|0|0|0|0|0|0|0|0|0|0|5
673|11|"VALDIFIORI Mirko"|"SPAL"|1|2|1|5.5|0|1|5.5|0|0|0|0|0|0|0|0|0|0|0|0|0|0|0|0|6
674|11|"VALENCIA Juan Manuel"|"BOLOGNA"|1|2|0|0.0|0|0|0.0|0|0|0|0|0|0|0|0|0|0|0|0|0|0|0|0|2
675|11|"VALOTI Mattia"|"SPAL"|1|2|0|0.0|0|0|0.0|0|0|0|0|0|0|0|0|0|0|0|0|0|0|0|0|8
676|11|"VALZANIA Luca"|"ATALANTA"|1|2|0|0.0|0|0|0.0|0|0|0|0|0|0|0|0|0|0|0|0|0|0|0|0|4
677|11|"VECINO Matias"|"INTER"|1|2|0|0.0|0|0|0.0|0|0|0|0|0|0|0|0|0|0|0|0|0|0|0|0|13
678|11|"VERETOUT Jordan"|"FIORENTINA"|1|2|1|10.5|0|1|7.0|1|0|0|0|0|1|0|0|0|0|0|0|0|0|0|0|24
679|11|"VERRE Valerio"|"SAMPDORIA"|0|2|0|0.0|0|0|0.0|0|0|0|0|0|0|0|0|0|0|0|0|0|0|0|0|4
680|11|"VIGNATO Emanuel"|"CHIEVO"|1|2|0|0.0|0|0|0.0|0|0|0|0|0|0|0|0|0|0|0|0|0|0|0|0|1
681|11|"VITALE Mattia"|"SPAL"|1|2|0|0.0|0|0|0.0|0|0|0|0|0|0|0|0|0|0|0|0|0|0|0|0|2
682|11|"VIVIANI Federico"|"SPAL"|1|2|0|0.0|0|0|0.0|0|0|0|0|0|0|0|0|0|0|0|0|0|0|0|0|8
683|11|"YOUNES Amin"|"NAPOLI"|1|2|0|0.0|0|0|0.0|0|0|0|0|0|0|0|0|0|0|0|0|0|0|0|0|8
684|11|"ZAJC Miha"|"EMPOLI"|1|2|1|5.0|0|1|5.0|0|0|0|0|0|0|0|0|0|0|0|0|0|0|0|0|15
685|11|"ZANIOLO Nicolò"|"ROMA"|1|2|1|6.0|0|1|6.0|0|0|0|0|0|0|0|0|0|0|0|0|0|0|0|0|1
686|11|"ZIELINSKI Piotr"|"NAPOLI"|1|2|1|6.0|0|1|6.0|0|0|0|0|0|0|0|0|0|0|0|0|0|0|0|0|20
687|11|"ÜNDER Cengiz"|"ROMA"|1|2|1|4.5|0|1|4.5|0|0|0|0|0|0|0|0|0|0|0|0|0|0|0|0|24
688|11|"PEETERS Daouda"|"SAMPDORIA"|1|2|0|0.0|0|0|0.0|0|0|0|0|0|0|0|0|0|0|0|0|0|0|0|0|1
689|11|"NORGAARD Christian"|"FIORENTINA"|1|2|0|0.0|0|0|0.0|0|0|0|0|0|0|0|0|0|0|0|0|0|0|0|0|5
690|11|"NETO Pedro"|"LAZIO"|1|2|0|0.0|0|0|0.0|0|0|0|0|0|0|0|0|0|0|0|0|0|0|0|0|1
691|11|"JORDAO Bruno"|"LAZIO"|1|2|0|0.0|0|0|0.0|0|0|0|0|0|0|0|0|0|0|0|0|0|0|0|0|1
692|11|"JOAO MARIO -"|"INTER"|1|2|1|13.0|0|1|8.0|1|0|0|0|1|0|0|0|0|0|0|0|0|0|0|0|13
693|11|"PASALIC Mario"|"ATALANTA"|1|2|0|0.0|0|0|0.0|0|0|0|0|0|0|0|0|0|0|0|0|0|0|0|0|14
694|11|"BRADARIC Filip"|"CAGLIARI"|1|2|1|2.0|0|1|4.5|0|0|0|0|0|1|0|0|0|0|0|1|0|0|0|0|9
695|11|"CORREA Carlos Joaquin"|"LAZIO"|1|2|1|6.0|0|1|6.0|0|0|0|0|0|0|0|0|0|0|0|0|0|0|0|0|17
696|11|"BADELJ Milan"|"LAZIO"|1|2|0|0.0|0|0|0.0|0|0|0|0|0|0|0|0|0|0|0|0|0|0|0|0|9
697|11|"VIEIRA Ronaldo"|"SAMPDORIA"|1|2|0|0.0|0|0|0.0|0|0|0|0|0|0|0|0|0|0|0|0|0|0|0|0|6
698|11|"NIKOLIC Lazar"|"SPAL"|1|2|0|0.0|0|0|0.0|0|0|0|0|0|0|0|0|0|0|0|0|0|0|0|0|1
699|11|"ROLON Esteban"|"GENOA"|1|2|0|0.0|0|0|0.0|0|0|0|0|0|0|0|0|0|0|0|0|0|0|0|0|4
700|11|"FURLAN Federico"|"SAMPDORIA"|0|2|0|0.0|0|0|0.0|0|0|0|0|0|0|0|0|0|0|0|0|0|0|0|0|5
701|11|"FERNANDES Edimilson"|"FIORENTINA"|1|2|1|6.0|0|1|6.0|0|0|0|0|0|0|0|0|0|0|0|0|0|0|0|0|7
702|11|"EKDAL Albin"|"SAMPDORIA"|1|2|1|4.5|0|1|5.0|0|0|0|0|0|1|0|0|0|0|0|0|0|0|0|0|10
703|11|"CARRIERO Giuseppe"|"PARMA"|1|2|0|0.0|0|0|0.0|0|0|0|0|0|0|0|0|0|0|0|0|0|0|0|0|1
704|11|"N'ZONZI Steven"|"ROMA"|1|2|1|6.0|0|1|6.5|0|0|0|0|0|1|0|0|0|0|0|0|0|0|0|0|14
705|11|"VLOET Rai"|"FROSINONE"|1|2|0|0.0|0|0|0.0|0|0|0|0|0|0|0|0|0|0|0|0|0|0|0|0|7
706|11|"BAKAYOKO Tiemoué"|"MILAN"|1|2|1|6.0|0|1|6.0|0|0|0|0|0|0|0|0|0|0|0|0|0|0|0|0|10
707|11|"CASTILLEJO Samu"|"MILAN"|1|2|1|7.0|0|1|7.0|0|0|0|0|0|0|0|0|0|0|0|0|0|0|0|0|16
708|11|"BURRUCHAGA Mauro"|"CHIEVO"|1|2|0|0.0|0|0|0.0|0|0|0|0|0|0|0|0|0|0|0|0|0|0|0|0|1
709|11|"ESPOSITO Salvatore"|"SPAL"|1|2|0|0.0|0|0|0.0|0|0|0|0|0|0|0|0|0|0|0|0|0|0|0|0|1
710|11|"RIGONI Emiliano"|"ATALANTA"|1|2|0|0.0|0|0|0.0|0|0|0|0|0|0|0|0|0|0|0|0|0|0|0|0|17
711|11|"COLPANI Andrea"|"ATALANTA"|1|2|0|0.0|0|0|0.0|0|0|0|0|0|0|0|0|0|0|0|0|0|0|0|0|1
712|11|"SORIANO Roberto"|"TORINO"|1|2|0|0.0|0|0|0.0|0|0|0|0|0|0|0|0|0|0|0|0|0|0|0|0|14
713|11|"UCAN Salih"|"EMPOLI"|1|2|1|6.0|0|1|6.0|0|0|0|0|0|0|0|0|0|0|0|0|0|0|0|0|7
714|11|"MUNARI Gianni"|"PARMA"|1|2|0|0.0|0|0|0.0|0|0|0|0|0|0|0|0|0|0|0|0|0|0|0|0|4
715|11|"MONTIEL Cristobal"|"FIORENTINA"|1|2|0|0.0|0|0|0.0|0|0|0|0|0|0|0|0|0|0|0|0|0|0|0|0|1
716|11|"ARAMU Mattia"|"TORINO"|0|2|0|0.0|0|0|0.0|0|0|0|0|0|0|0|0|0|0|0|0|0|0|0|0|3
717|11|"ERRICO Andrea"|"FROSINONE"|1|2|0|0.0|0|0|0.0|0|0|0|0|0|0|0|0|0|0|0|0|0|0|0|0|1
718|11|"VELOSO Miguel"|"GENOA"|1|2|1|5.5|0|1|6.0|0|0|0|0|0|1|0|0|0|0|0|0|0|0|0|0|7
800|11|"ANDRÉ SILVA Miguel Valente"|"MILAN"|0|3|0|0.0|0|0|0.0|0|0|0|0|0|0|0|0|0|0|0|0|0|0|0|0|15
801|11|"ANTENUCCI Mirco"|"SPAL"|1|3|1|9.5|0|1|6.5|1|0|0|0|0|0|0|0|0|0|0|0|0|0|0|0|17
802|11|"ASENCIO Raúl"|"GENOA"|0|3|0|0.0|0|0|0.0|0|0|0|0|0|0|0|0|0|0|0|0|0|0|0|0|7
803|11|"AVENATTI Felipe"|"BOLOGNA"|0|3|0|0.0|0|0|0.0|0|0|0|0|0|0|0|0|0|0|0|0|0|0|0|0|5
804|11|"BABACAR Khouma El"|"SASSUOLO"|1|3|0|0.0|0|0|0.0|0|0|0|0|0|0|0|0|0|0|0|0|0|0|0|0|18
805|11|"BACCA Carlos"|"MILAN"|0|3|0|0.0|0|0|0.0|0|0|0|0|0|0|0|0|0|0|0|0|0|0|0|0|16
806|11|"BAEZ Jaime"|"FIORENTINA"|0|3|0|0.0|0|0|0.0|0|0|0|0|0|0|0|0|0|0|0|0|0|0|0|0|3
807|11|"BARAYE Yves"|"PARMA"|1|3|0|0.0|0|0|0.0|0|0|0|0|0|0|0|0|0|0|0|0|0|0|0|0|4
808|11|"BARROW Musa"|"ATALANTA"|1|3|1|5.0|0|1|5.0|0|0|0|0|0|0|0|0|0|0|0|0|0|0|0|0|11
809|11|"BELOTTI Andrea"|"TORINO"|1|3|1|14.0|0|1|8.0|2|0|0|0|0|0|0|0|0|0|0|0|0|0|0|0|29
810|11|"BERARDI Domenico"|"SASSUOLO"|1|3|1|5.5|0|1|6.0|0|0|0|0|0|1|0|0|0|0|0|0|0|0|0|0|18
811|11|"BUTIC Karlo"|"TORINO"|0|3|0|0.0|0|0|0.0|0|0|0|0|0|0|0|0|0|0|0|0|0|0|0|0|3
812|11|"CAICEDO Felipe"|"LAZIO"|1|3|1|8.0|0|1|7.0|0|0|0|0|1|0|0|0|0|0|0|0|0|0|0|0|12
813|11|"CALAIÒ Emanuele"|"PARMA"|1|3|0|0.0|0|0|0.0|0|0|0|0|0|0|0|0|0|0|0|0|0|0|0|0|7
814|11|"CALLEJON Jose Maria"|"NAPOLI"|1|3|1|7.5|0|1|6.5|0|0|0|0|1|0|0|0|0|0|0|0|0|0|0|0|25
815|11|"CAPRARI Gianluca"|"SAMPDORIA"|1|3|1|5.5|0|1|5.5|0|0|0|0|0|0|0|0|0|0|0|0|0|0|0|0|12
816|11|"CAPUTO Francesco"|"EMPOLI"|1|3|1|9.0|0|1|6.0|1|0|0|0|0|0|0|0|0|0|0|0|0|0|0|0|22
817|11|"CERAVOLO Fabio"|"PARMA"|1|3|1|5.5|0|1|5.5|0|0|0|0|0|0|0|0|0|0|0|0|0|0|0|0|11
818|11|"CERRI Alberto"|"CAGLIARI"|1|3|0|0.0|0|0|0.0|0|0|0|0|0|0|0|0|0|0|0|0|0|0|0|0|10
819|11|"CIANO Camillo"|"FROSINONE"|1|3|1|5.0|0|1|5.0|0|0|0|0|0|0|0|0|0|0|0|0|0|0|0|0|17
820|11|"CICIRETTI Amato"|"PARMA"|1|3|0|0.0|0|0|0.0|0|0|0|0|0|0|0|0|0|0|0|0|0|0|0|0|8
821|11|"CIOFANI Daniel"|"FROSINONE"|1|3|1|5.0|0|1|5.0|0|0|0|0|0|0|0|0|0|0|0|0|0|0|0|0|14
822|11|"CITRO Nicola"|"FROSINONE"|0|3|0|0.0|0|0|0.0|0|0|0|0|0|0|0|0|0|0|0|0|0|0|0|0|7
823|11|"COLIDIO Facundo"|"INTER"|1|3|0|0.0|0|0|0.0|0|0|0|0|0|0|0|0|0|0|0|0|0|0|0|0|1
824|11|"CORNELIUS Andreas"|"ATALANTA"|0|3|0|0.0|0|0|0.0|0|0|0|0|0|0|0|0|0|0|0|0|0|0|0|0|8
825|11|"CUTRONE Patrick"|"MILAN"|1|3|1|6.5|0|1|6.5|0|0|0|0|0|0|0|0|0|0|0|0|0|0|0|0|25
826|11|"DA CRUZ Alessio"|"PARMA"|1|3|0|0.0|0|0|0.0|0|0|0|0|0|0|0|0|0|0|0|0|0|0|0|0|5
827|11|"DAMASCAN Vitalie"|"TORINO"|1|3|0|0.0|0|0|0.0|0|0|0|0|0|0|0|0|0|0|0|0|0|0|0|0|4
828|11|"DEFREL Gregoire"|"SAMPDORIA"|1|3|1|5.5|0|1|5.5|0|0|0|0|0|0|0|0|0|0|0|0|0|0|0|0|19
829|11|"DESTRO Mattia"|"BOLOGNA"|1|3|0|0.0|0|0|0.0|0|0|0|0|0|0|0|0|0|0|0|0|0|0|0|0|11
830|11|"DI FRANCESCO Federico"|"SASSUOLO"|1|3|1|10.0|0|1|7.0|1|0|0|0|0|0|0|0|0|0|0|0|0|0|0|0|15
831|11|"DI GAUDIO Antonio"|"PARMA"|1|3|0|0.0|0|0|0.0|0|0|0|0|0|0|0|0|0|0|0|0|0|0|0|0|10
832|11|"DIONISI Federico"|"FROSINONE"|1|3|0|0.0|0|0|0.0|0|0|0|0|0|0|0|0|0|0|0|0|0|0|0|0|8
833|11|"DJORDJEVIC Filip"|"CHIEVO"|1|3|0|0.0|0|0|0.0|0|0|0|0|0|0|0|0|0|0|0|0|0|0|0|0|11
834|11|"DYBALA Paulo"|"JUVENTUS"|1|3|1|10.0|0|1|7.0|1|0|0|0|0|0|0|0|0|0|0|0|0|0|0|0|33
835|11|"DZEKO Edin"|"ROMA"|1|3|1|5.0|0|1|5.0|0|0|0|0|0|0|0|0|0|0|0|0|0|0|0|0|27
836|11|"EDERA Simone"|"TORINO"|1|3|0|0.0|0|0|0.0|0|0|0|0|0|0|0|0|0|0|0|0|0|0|0|0|6
837|11|"EL SHAARAWY Stephan"|"ROMA"|1|3|1|5.0|0|1|5.0|0|0|0|0|0|0|0|0|0|0|0|0|0|0|0|0|21
838|11|"EWANDRO Felipe De Lima Costa"|"UDINESE"|0|3|0|0.0|0|0|0.0|0|0|0|0|0|0|0|0|0|0|0|0|0|0|0|0|4
839|11|"FALCINELLI Diego"|"BOLOGNA"|1|3|0|0.0|0|0|0.0|0|0|0|0|0|0|0|0|0|0|0|0|0|0|0|0|12
840|11|"FALLETTI Cesar"|"BOLOGNA"|0|3|0|0.0|0|0|0.0|0|0|0|0|0|0|0|0|0|0|0|0|0|0|0|0|8
841|11|"FANTACCI Tommaso"|"EMPOLI"|0|3|0|0.0|0|0|0.0|0|0|0|0|0|0|0|0|0|0|0|0|0|0|0|0|1
842|11|"FARIAS Diego"|"CAGLIARI"|1|3|0|0.0|0|0|0.0|0|0|0|0|0|0|0|0|0|0|0|0|0|0|0|0|11
843|11|"FAVILLI Andrea"|"GENOA"|1|3|0|0.0|0|0|0.0|0|0|0|0|0|0|0|0|0|0|0|0|0|0|0|0|6
844|11|"FINOTTO Mattia"|"SPAL"|0|3|0|0.0|0|0|0.0|0|0|0|0|0|0|0|0|0|0|0|0|0|0|0|0|5
845|11|"FLOCCARI Sergio"|"SPAL"|1|3|0|0.0|0|0|0.0|0|0|0|0|0|0|0|0|0|0|0|0|0|0|0|0|7
846|11|"GALABINOV Andrej"|"GENOA"|0|3|0|0.0|0|0|0.0|0|0|0|0|0|0|0|0|0|0|0|0|0|0|0|0|8
847|11|"GALUPPINI Francesco"|"PARMA"|0|3|0|0.0|0|0|0.0|0|0|0|0|0|0|0|0|0|0|0|0|0|0|0|0|1
848|11|"GIANNETTI Niccolò"|"CAGLIARI"|0|3|0|0.0|0|0|0.0|0|0|0|0|0|0|0|0|0|0|0|0|0|0|0|0|5
849|11|"GOMEZ Alejandro"|"ATALANTA"|1|3|1|5.0|0|1|5.5|0|0|0|0|0|1|0|0|0|0|0|0|0|0|0|0|25
850|11|"GRAICIAR Martin"|"FIORENTINA"|1|3|0|0.0|0|0|0.0|0|0|0|0|0|0|0|0|0|0|0|0|0|0|0|0|4
851|11|"HAN Kwang Song"|"CAGLIARI"|0|3|0|0.0|0|0|0.0|0|0|0|0|0|0|0|0|0|0|0|0|0|0|0|0|11
852|11|"HIGUAIN Gonzalo"|"MILAN"|1|3|1|6.0|0|1|6.0|0|0|0|0|0|0|0|0|0|0|0|0|0|0|0|0|36
853|11|"IAGO Falque"|"TORINO"|1|3|1|10.0|0|1|7.0|1|0|0|0|0|0|0|0|0|0|0|0|0|0|0|0|30
854|11|"ICARDI Mauro"|"INTER"|1|3|0|0.0|0|0|0.0|0|0|0|0|0|0|0|0|0|0|0|0|0|0|0|0|43
855|11|"ILICIC Josip"|"ATALANTA"|1|3|1|5.5|0|1|6.0|0|0|0|0|0|1|0|0|0|0|0|0|0|0|0|0|27
856|11|"IMMOBILE Ciro"|"LAZIO"|1|3|1|13.5|0|1|7.5|2|0|0|0|0|0|0|0|0|0|0|0|0|0|0|0|42
857|11|"INGLESE Roberto"|"PARMA"|1|3|0|0.0|0|0|0.0|0|0|0|0|0|0|0|0|0|0|0|0|0|0|0|0|18
858|11|"INSIGNE Roberto"|"NAPOLI"|0|3|0|0.0|0|0|0.0|0|0|0|0|0|0|0|0|0|0|0|0|0|0|0|0|5
859|11|"INSIGNE Lorenzo"|"NAPOLI"|1|3|1|11.0|0|1|7.0|1|0|0|0|1|0|0|0|0|0|0|0|0|0|0|0|38
860|11|"JAKUPOVIC Arnel"|"EMPOLI"|1|3|0|0.0|0|0|0.0|0|0|0|0|0|0|0|0|0|0|0|0|0|0|0|0|2
861|11|"KALINIC Nikola"|"MILAN"|0|3|0|0.0|0|0|0.0|0|0|0|0|0|0|0|0|0|0|0|0|0|0|0|0|13
862|11|"KARAMOH Yann"|"INTER"|0|3|0|0.0|0|0|0.0|0|0|0|0|0|0|0|0|0|0|0|0|0|0|0|0|12
863|11|"KLUIVERT Justin"|"ROMA"|1|3|1|6.0|0|1|6.0|0|0|0|0|0|0|0|0|0|0|0|0|0|0|0|0|18
864|11|"KOUAMÉ Christian"|"GENOA"|1|3|1|6.0|0|1|6.0|0|0|0|0|0|0|0|0|0|0|0|0|0|0|0|0|17
865|11|"KOWNACKI Dawid"|"SAMPDORIA"|1|3|0|0.0|0|0|0.0|0|0|0|0|0|0|0|0|0|0|0|0|0|0|0|0|12
866|11|"LA GUMINA Antonino"|"EMPOLI"|1|3|0|0.0|0|0|0.0|0|0|0|0|0|0|0|0|0|0|0|0|0|0|0|0|10
867|11|"LAPADULA Gianluca"|"GENOA"|1|3|0|0.0|0|0|0.0|0|0|0|0|0|0|0|0|0|0|0|0|0|0|0|0|11
868|11|"LASAGNA Kevin"|"UDINESE"|1|3|1|6.0|0|1|6.0|0|0|0|0|0|0|0|0|0|0|0|0|0|0|0|0|21
869|11|"LERIS Mehdi"|"CHIEVO"|1|3|0|0.0|0|0|0.0|0|0|0|0|0|0|0|0|0|0|0|0|0|0|0|0|3
870|11|"LOMBARDI Cristiano"|"LAZIO"|1|3|0|0.0|0|0|0.0|0|0|0|0|0|0|0|0|0|0|0|0|0|0|0|0|3
871|11|"LUIS ALBERTO Romero Alconchel"|"LAZIO"|1|3|0|0.0|0|0|0.0|0|0|0|0|0|0|0|0|0|0|0|0|0|0|0|0|25
872|11|"MACHIS Darwin"|"UDINESE"|1|3|0|0.0|0|0|0.0|0|0|0|0|0|0|0|0|0|0|0|0|0|0|0|0|7
873|11|"MALLÉ Aly"|"UDINESE"|1|3|0|0.0|0|0|0.0|0|0|0|0|0|0|0|0|0|0|0|0|0|0|0|0|2
874|11|"MANDZUKIC Mario"|"JUVENTUS"|1|3|0|0.0|0|0|0.0|0|0|0|0|0|0|0|0|0|0|0|0|0|0|0|0|24
875|11|"MARTINEZ Lautaro"|"INTER"|1|3|1|4.5|0|1|5.0|0|0|0|0|0|1|0|0|0|0|0|0|0|0|0|0|23
876|11|"MATARESE Luca"|"FROSINONE"|1|3|0|0.0|0|0|0.0|0|0|0|0|0|0|0|0|0|0|0|0|0|0|0|0|2
877|11|"MATRI Alessandro"|"SASSUOLO"|1|3|1|6.5|0|1|6.5|0|0|0|0|0|0|0|0|0|0|0|0|0|0|0|0|10
878|11|"MCHEDLIDZE Levan"|"EMPOLI"|1|3|0|0.0|0|0|0.0|0|0|0|0|0|0|0|0|0|0|0|0|0|0|0|0|5
879|11|"MEDEIROS Iuri"|"GENOA"|1|3|0|0.0|0|0|0.0|0|0|0|0|0|0|0|0|0|0|0|0|0|0|0|0|11
880|11|"MEGGIORINI Riccardo"|"CHIEVO"|1|3|1|6.0|0|1|6.0|0|0|0|0|0|0|0|0|0|0|0|0|0|0|0|0|6
881|11|"MERTENS Dries"|"NAPOLI"|1|3|1|18.0|0|1|8.0|3|0|0|0|1|0|0|0|0|0|0|0|0|0|0|0|41
882|11|"MICIN Petar"|"UDINESE"|1|3|0|0.0|0|0|0.0|0|0|0|0|0|0|0|0|0|0|0|0|0|0|0|0|4
883|11|"MILIK Arkadiusz"|"NAPOLI"|1|3|1|9.5|0|1|6.5|1|0|0|0|0|0|0|0|0|0|0|0|0|0|0|0|28
884|11|"MRAZ Samuel"|"EMPOLI"|1|3|0|0.0|0|0|0.0|0|0|0|0|0|0|0|0|0|0|0|0|0|0|0|0|9
885|11|"MURANO Jacopo"|"SPAL"|0|3|0|0.0|0|0|0.0|0|0|0|0|0|0|0|0|0|0|0|0|0|0|0|0|2
886|11|"NIANG M'Baye"|"TORINO"|0|3|0|0.0|0|0|0.0|0|0|0|0|0|0|0|0|0|0|0|0|0|0|0|0|13
887|11|"ODGAARD Jens"|"SASSUOLO"|1|3|0|0.0|0|0|0.0|0|0|0|0|0|0|0|0|0|0|0|0|0|0|0|0|1
888|11|"OKWONKWO Orji"|"BOLOGNA"|1|3|0|0.0|0|0|0.0|0|0|0|0|0|0|0|0|0|0|0|0|0|0|0|0|8
889|11|"ORSOLINI Riccardo"|"BOLOGNA"|1|3|1|5.5|0|1|5.5|0|0|0|0|0|0|0|0|0|0|0|0|0|0|0|0|13
890|11|"OUNAS Adam"|"NAPOLI"|1|3|0|0.0|0|0|0.0|0|0|0|0|0|0|0|0|0|0|0|0|0|0|0|0|9
891|11|"PALACIO Rodrigo"|"BOLOGNA"|1|3|1|5.5|0|1|5.5|0|0|0|0|0|0|0|0|0|0|0|0|0|0|0|0|14
892|11|"PALOSCHI Alberto"|"SPAL"|1|3|1|5.5|0|1|5.5|0|0|0|0|0|0|0|0|0|0|0|0|0|0|0|0|15
893|11|"PANDEV Goran"|"GENOA"|1|3|1|5.0|0|1|5.0|0|0|0|0|0|0|0|0|0|0|0|0|0|0|0|0|16
894|11|"PAVOLETTI Leonardo"|"CAGLIARI"|1|3|1|6.0|0|1|6.5|0|0|0|0|0|1|0|0|0|0|0|0|0|0|0|0|26
895|11|"PELLISSIER Sergio"|"CHIEVO"|1|3|0|0.0|0|0|0.0|0|0|0|0|0|0|0|0|0|0|0|0|0|0|0|0|8
896|11|"PERICA Stipe"|"FROSINONE"|1|3|0|0.0|0|0|0.0|0|0|0|0|0|0|0|0|0|0|0|0|0|0|0|0|7
897|11|"PETAGNA Andrea"|"SPAL"|1|3|1|5.0|0|1|5.0|0|0|0|0|0|0|0|0|0|0|0|0|0|0|0|0|15
898|11|"PETKOVIC Bruno"|"BOLOGNA"|0|3|0|0.0|0|0|0.0|0|0|0|0|0|0|0|0|0|0|0|0|0|0|0|0|7
899|11|"PIATEK Krzysztof"|"GENOA"|1|3|1|6.0|0|1|6.0|0|0|0|0|0|0|0|0|0|0|0|0|0|0|0|0|25
900|11|"PJACA Marko"|"FIORENTINA"|1|3|0|0.0|0|0|0.0|0|0|0|0|0|0|0|0|0|0|0|0|0|0|0|0|13
901|11|"POLITANO Matteo"|"INTER"|1|3|1|10.0|0|1|7.0|1|0|0|0|0|0|0|0|0|0|0|0|0|0|0|0|23
902|11|"PUCCIARELLI Manuel"|"CHIEVO"|1|3|0|0.0|0|0|0.0|0|0|0|0|0|0|0|0|0|0|0|0|0|0|0|0|6
903|11|"PUSSETTO Ignacio"|"UDINESE"|1|3|1|6.0|0|1|6.5|0|0|0|0|0|1|0|0|0|0|0|0|0|0|0|0|13
904|11|"QUAGLIARELLA Fabio"|"SAMPDORIA"|1|3|1|5.0|0|1|5.0|1|0|0|0|0|0|0|0|0|0|1|0|0|0|0|0|29
905|11|"RODRIGUEZ Alejandro"|"EMPOLI"|1|3|0|0.0|0|0|0.0|0|0|0|0|0|0|0|0|0|0|0|0|0|0|0|0|4
906|11|"RONALDO Cristiano"|"JUVENTUS"|1|3|1|7.5|0|1|6.5|0|0|0|0|1|0|0|0|0|0|0|0|0|0|0|0|59
907|11|"SALCEDO Eddie Mora"|"INTER"|1|3|0|0.0|0|0|0.0|0|0|0|0|0|0|0|0|0|0|0|0|0|0|0|0|1
908|11|"SANTANDER Federico"|"BOLOGNA"|1|3|1|7.0|0|1|6.0|0|0|0|0|1|0|0|0|0|0|0|0|0|0|0|0|18
909|11|"SAU Marco"|"CAGLIARI"|1|3|0|0.0|0|0|0.0|0|0|0|0|0|0|0|0|0|0|0|0|0|0|0|0|10
910|11|"SCAMACCA Gianluca"|"SASSUOLO"|0|3|0|0.0|0|0|0.0|0|0|0|0|0|0|0|0|0|0|0|0|0|0|0|0|3
911|11|"SCHICK Patrik"|"ROMA"|1|3|0|5.5|0|0|0.0|0|0|0|0|0|0|0|0|0|0|0|0|0|0|0|0|15
912|11|"SILIGARDI Luca"|"PARMA"|1|3|1|6.5|0|1|6.5|0|0|0|0|0|0|0|0|0|0|0|0|0|0|0|0|8
913|11|"SIMEONE Giovanni"|"FIORENTINA"|1|3|1|5.0|0|1|5.0|0|0|0|0|0|0|0|0|0|0|0|0|0|0|0|0|21
914|11|"SOTTIL Riccardo"|"FIORENTINA"|1|3|0|0.0|0|0|0.0|0|0|0|0|0|0|0|0|0|0|0|0|0|0|0|0|1
915|11|"SPINELLI Claudio"|"GENOA"|0|3|0|0.0|0|0|0.0|0|0|0|0|0|0|0|0|0|0|0|0|0|0|0|0|10
916|11|"SPROCATI Mattia"|"PARMA"|1|3|0|0.0|0|0|0.0|0|0|0|0|0|0|0|0|0|0|0|0|0|0|0|0|4
917|11|"STEPINSKI Mariusz"|"CHIEVO"|1|3|1|4.5|0|1|4.5|0|0|0|0|0|0|0|0|0|0|0|0|0|0|0|0|13
918|11|"SUSO Jesus Fernandez Saez"|"MILAN"|1|3|1|7.5|0|1|6.5|0|0|0|0|1|0|0|0|0|0|0|0|0|0|0|0|30
919|11|"THEREAU Cyril"|"FIORENTINA"|1|3|0|0.0|0|0|0.0|0|0|0|0|0|0|0|0|0|0|0|0|0|0|0|0|11
920|11|"TROTTA Marcello"|"SASSUOLO"|1|3|0|0.0|0|0|0.0|0|0|0|0|0|0|0|0|0|0|0|0|0|0|0|0|8
921|11|"TUMMINELLO Marco"|"ATALANTA"|1|3|0|0.0|0|0|0.0|0|0|0|0|0|0|0|0|0|0|0|0|0|0|0|0|5
922|11|"VERDE Daniele"|"ROMA"|0|3|0|0.0|0|0|0.0|0|0|0|0|0|0|0|0|0|0|0|0|0|0|0|0|8
923|11|"VERDI Simone"|"NAPOLI"|1|3|0|0.0|0|0|0.0|0|0|0|0|0|0|0|0|0|0|0|0|0|0|0|0|19
924|11|"VINICIUS Morais"|"NAPOLI"|0|3|0|0.0|0|0|0.0|0|0|0|0|0|0|0|0|0|0|0|0|0|0|0|0|3
925|11|"VIZEU Felipe"|"UDINESE"|1|3|0|0.0|0|0|0.0|0|0|0|0|0|0|0|0|0|0|0|0|0|0|0|0|10
926|11|"VLAHOVIC Dusan"|"FIORENTINA"|1|3|0|0.0|0|0|0.0|0|0|0|0|0|0|0|0|0|0|0|0|0|0|0|0|2
927|11|"ZANIMACCHIA Luca"|"GENOA"|0|3|0|0.0|0|0|0.0|0|0|0|0|0|0|0|0|0|0|0|0|0|0|0|0|1
928|11|"ZAPATA Duvan"|"ATALANTA"|1|3|1|10.0|0|1|7.0|1|0|0|0|0|0|0|0|0|0|0|0|0|0|0|0|20
929|11|"ZEKHNINI Rafik"|"FIORENTINA"|0|3|0|0.0|0|0|0.0|0|0|0|0|0|0|0|0|0|0|0|0|0|0|0|0|2
930|11|"BOGA Jeremie"|"SASSUOLO"|1|3|0|0.0|0|0|0.0|0|0|0|0|0|0|0|0|0|0|0|0|0|0|0|0|11
931|11|"ROSSI Alessandro"|"LAZIO"|1|3|0|0.0|0|0|0.0|0|0|0|0|0|0|0|0|0|0|0|0|0|0|0|0|4
932|11|"MONCINI Gabriele"|"SPAL"|1|3|0|0.0|0|0|0.0|0|0|0|0|0|0|0|0|0|0|0|0|0|0|0|0|6
933|11|"KEAN Moise"|"JUVENTUS"|1|3|0|0.0|0|0|0.0|0|0|0|0|0|0|0|0|0|0|0|0|0|0|0|0|6
934|11|"PINAMONTI Andrea"|"FROSINONE"|1|3|0|0.0|0|0|0.0|0|0|0|0|0|0|0|0|0|0|0|0|0|0|0|0|5
935|11|"BRIGNOLA Enrico"|"SASSUOLO"|1|3|0|0.0|0|0|0.0|0|0|0|0|0|0|0|0|0|0|0|0|0|0|0|0|9
936|11|"GALANO Cristian"|"PARMA"|0|3|0|0.0|0|0|0.0|0|0|0|0|0|0|0|0|0|0|0|0|0|0|0|0|12
937|11|"BIABIANY Jonathan"|"PARMA"|1|2|0|0.0|0|0|0.0|0|0|0|0|0|0|0|0|0|0|0|0|0|0|0|0|9
938|11|"DALMONTE Nicola"|"GENOA"|1|3|0|0.0|0|0|0.0|0|0|0|0|0|0|0|0|0|0|0|0|0|0|0|0|5
939|11|"MIRALLAS Kevin"|"FIORENTINA"|1|3|1|5.0|0|1|5.0|0|0|0|0|0|0|0|0|0|0|0|0|0|0|0|0|13
940|11|"KEITA Balde Diao"|"INTER"|1|3|1|7.0|0|1|6.0|0|0|0|0|1|0|0|0|0|0|0|0|0|0|0|0|18
941|11|"CAMPBELL Joel"|"FROSINONE"|1|3|1|5.0|0|1|5.0|0|0|0|0|0|0|0|0|0|0|0|0|0|0|0|0|10
942|11|"GERVINHO "|"PARMA"|1|3|1|5.0|0|1|5.0|0|0|0|0|0|0|0|0|0|0|0|0|0|0|0|0|20
943|11|"ZAZA Simone"|"TORINO"|1|3|0|0.0|0|0|0.0|0|0|0|0|0|0|0|0|0|0|0|0|0|0|0|0|18
944|11|"TEODORCZYK Lukasz"|"UDINESE"|1|3|0|0.0|0|0|0.0|0|0|0|0|0|0|0|0|0|0|0|0|0|0|0|0|14
945|11|"ARDAIZ Joaquin"|"FROSINONE"|1|3|0|0.0|0|0|0.0|0|0|0|0|0|0|0|0|0|0|0|0|0|0|0|0|5
946|11|"GRUBAC Sergej"|"CHIEVO"|1|3|0|0.0|0|0|0.0|0|0|0|0|0|0|0|0|0|0|0|0|0|0|0|0|1
947|11|"JUWARA Musa"|"CHIEVO"|1|3|0|0.0|0|0|0.0|0|0|0|0|0|0|0|0|0|0|0|0|0|0|0|0|1
948|11|"MASTAJ Davide"|"PARMA"|0|3|0|0.0|0|0|0.0|0|0|0|0|0|0|0|0|0|0|0|0|0|0|0|0|1
