100|1|"ADAMONIS Marius"|"LAZIO"|0|0|0|0.0|0|0|0.0|0|0|0|0|0|0|0|0|0|0|0|0|0|0|0|0|1
101|1|"ALFONSO Enrico"|"BRESCIA"|1|0|0|0.0|0|0|0.0|0|0|0|0|0|0|0|0|0|0|0|0|0|0|0|0|1
102|1|"ANDRENACCI Lorenzo"|"BRESCIA"|1|0|0|0.0|0|0|0.0|0|0|0|0|0|0|0|0|0|0|0|0|0|0|0|0|1
103|1|"ARESTI Simone"|"CAGLIARI"|1|0|0|0.0|0|0|0.0|0|0|0|0|0|0|0|0|0|0|0|0|0|0|0|0|1
104|1|"AUDERO Emil"|"SAMPDORIA"|1|0|1|4.5|0|1|7.5|0|3|0|0|0|0|0|0|0|0|0|0|0|0|0|0|12
105|1|"BERARDI Alessandro"|"VERONA"|1|0|0|0.0|0|0|0.0|0|0|0|0|0|0|0|0|0|0|0|0|0|0|0|0|1
106|1|"BERISHA Etrit"|"SPAL"|1|0|1|4.0|0|1|7.0|0|3|0|0|0|0|0|0|0|0|0|0|0|0|0|0|10
107|1|"BERNI Tommaso"|"INTER"|1|0|0|0.0|0|0|0.0|0|0|0|0|0|0|0|0|0|0|0|0|0|0|0|0|1
108|1|"BLEVE Marco"|"LECCE"|1|0|0|0.0|0|0|0.0|0|0|0|0|0|0|0|0|0|0|0|0|0|0|0|0|1
109|1|"BUFFON Gianluigi"|"JUVENTUS"|1|0|0|0.0|0|0|0.0|0|0|0|0|0|0|0|0|0|0|0|0|0|0|0|0|2
110|1|"CONSIGLI Andrea"|"SASSUOLO"|1|0|1|4.0|0|1|6.0|0|2|0|0|0|0|0|0|0|0|0|0|0|0|0|0|11
111|1|"CRAGNO Alessio"|"CAGLIARI"|1|0|0|0.0|0|0|0.0|0|0|0|0|0|0|0|0|0|0|0|0|0|0|0|0|14
112|1|"DA COSTA Angelo"|"BOLOGNA"|1|0|0|0.0|0|0|0.0|0|0|0|0|0|0|0|0|0|0|0|0|0|0|0|0|1
113|1|"DINI Andrea"|"PARMA"|0|0|0|0.0|0|0|0.0|0|0|0|0|0|0|0|0|0|0|0|0|0|0|0|0|1
114|1|"DONNARUMMA Antonio"|"MILAN"|1|0|0|0.0|0|0|0.0|0|0|0|0|0|0|0|0|0|0|0|0|0|0|0|0|1
115|1|"DONNARUMMA Gianluigi"|"MILAN"|1|0|1|5.5|0|1|6.5|0|1|0|0|0|0|0|0|0|0|0|0|0|0|0|0|18
116|1|"DRAGOWSKI Bartlomiej"|"FIORENTINA"|1|0|1|1.5|0|1|5.5|0|4|0|0|0|0|0|0|0|0|0|0|0|0|0|0|12
117|1|"FUZATO Daniel"|"ROMA"|1|0|0|0.0|0|0|0.0|0|0|0|0|0|0|0|0|0|0|0|0|0|0|0|0|1
118|1|"GABRIEL Vasconcelos Ferreira"|"LECCE"|1|0|1|1.0|0|1|5.0|0|4|0|0|0|0|0|0|0|0|0|0|0|0|0|0|8
119|1|"GASPARINI Manuel"|"UDINESE"|1|0|0|0.0|0|0|0.0|0|0|0|0|0|0|0|0|0|0|0|0|0|0|0|0|1
120|1|"GHIDOTTI Simone"|"FIORENTINA"|0|0|0|0.0|0|0|0.0|0|0|0|0|0|0|0|0|0|0|0|0|0|0|0|0|1
121|1|"GOLLINI Pierluigi"|"ATALANTA"|1|0|1|4.5|0|1|6.5|0|2|0|0|0|0|0|0|0|0|0|0|0|0|0|0|15
122|1|"GOMIS Alfred"|"SPAL"|0|0|0|0.0|0|0|0.0|0|0|0|0|0|0|0|0|0|0|0|0|0|0|0|0|2
123|1|"GUERRIERI Guido"|"LAZIO"|1|0|0|0.0|0|0|0.0|0|0|0|0|0|0|0|0|0|0|0|0|0|0|0|0|1
124|1|"HANDANOVIC Samir"|"INTER"|1|0|1|6.0|0|1|6.0|0|0|0|0|0|0|0|0|0|0|0|0|0|0|0|0|21
125|1|"JANDREI Chitolina Carniel"|"GENOA"|1|0|0|0.0|0|0|0.0|0|0|0|0|0|0|0|0|0|0|0|0|0|0|0|0|1
126|1|"KARNEZIS Orestis"|"NAPOLI"|1|0|0|0.0|0|0|0.0|0|0|0|0|0|0|0|0|0|0|0|0|0|0|0|0|1
127|1|"LOPEZ Pau"|"ROMA"|1|0|1|3.0|0|1|6.0|0|3|0|0|0|0|0|0|0|0|0|0|0|0|0|0|15
128|1|"MARCHETTI Federico"|"GENOA"|1|0|0|0.0|0|0|0.0|0|0|0|0|0|0|0|0|0|0|0|0|0|0|0|0|1
129|1|"MERET Alex"|"NAPOLI"|1|0|1|2.5|0|1|5.5|0|3|0|0|0|0|0|0|0|0|0|0|0|0|0|0|16
130|1|"MIRANTE Antonio"|"ROMA"|1|0|0|0.0|0|0|0.0|0|0|0|0|0|0|0|0|0|0|0|0|0|0|0|0|1
131|1|"MUSSO Juan"|"UDINESE"|1|0|1|6.0|0|1|6.0|0|0|0|0|0|0|0|0|0|0|0|0|0|0|0|0|12
132|1|"OLSEN Robin"|"CAGLIARI"|1|0|0|0.0|0|0|0.0|0|0|0|0|0|0|0|0|0|0|0|0|0|0|0|0|2
133|1|"OSPINA David"|"NAPOLI"|1|0|0|0.0|0|0|0.0|0|0|0|0|0|0|0|0|0|0|0|0|0|0|0|0|2
134|1|"PADELLI Daniele"|"INTER"|1|0|0|0.0|0|0|0.0|0|0|0|0|0|0|0|0|0|0|0|0|0|0|0|0|1
135|1|"PEGOLO Gianluca"|"SASSUOLO"|1|0|0|0.0|0|0|0.0|0|0|0|0|0|0|0|0|0|0|0|0|0|0|0|0|1
136|1|"PERIN Mattia"|"JUVENTUS"|1|0|0|0.0|0|0|0.0|0|0|0|0|0|0|0|0|0|0|0|0|0|0|0|0|1
137|1|"PERISAN Samuele"|"UDINESE"|1|0|0|0.0|0|0|0.0|0|0|0|0|0|0|0|0|0|0|0|0|0|0|0|0|1
138|1|"PINSOGLIO Carlo"|"JUVENTUS"|1|0|0|0.0|0|0|0.0|0|0|0|0|0|0|0|0|0|0|0|0|0|0|0|0|1
139|1|"PLIZZARI Alessandro"|"MILAN"|0|0|0|0.0|0|0|0.0|0|0|0|0|0|0|0|0|0|0|0|0|0|0|0|0|1
140|1|"PROTO Silvio"|"LAZIO"|1|0|0|0.0|0|0|0.0|0|0|0|0|0|0|0|0|0|0|0|0|0|0|0|0|1
141|1|"RADU Ionut"|"GENOA"|1|0|1|3.0|0|1|6.0|0|3|0|0|0|0|0|0|0|0|0|0|0|0|0|0|10
142|1|"RAFAEL Cabral"|"SAMPDORIA"|0|0|0|0.0|0|0|0.0|0|0|0|0|0|0|0|0|0|0|0|0|0|0|0|0|1
143|1|"RAFAEL De Andrade Bittencourt"|"CAGLIARI"|1|0|1|5.0|0|1|6.0|0|1|0|0|0|0|0|0|0|0|0|0|0|0|0|0|2
144|1|"REINA Pepe"|"MILAN"|1|0|0|0.0|0|0|0.0|0|0|0|0|0|0|0|0|0|0|0|0|0|0|0|0|1
145|1|"ROSATI Antonio"|"TORINO"|1|0|0|0.0|0|0|0.0|0|0|0|0|0|0|0|0|0|0|0|0|0|0|0|0|1
146|1|"ROSSI Francesco"|"ATALANTA"|1|0|0|0.0|0|0|0.0|0|0|0|0|0|0|0|0|0|0|0|0|0|0|0|0|1
147|1|"RUSSO Alessandro"|"SASSUOLO"|1|0|0|0.0|0|0|0.0|0|0|0|0|0|0|0|0|0|0|0|0|0|0|0|0|1
148|1|"SARR Mouhamadou"|"BOLOGNA"|1|0|0|0.0|0|0|0.0|0|0|0|0|0|0|0|0|0|0|0|0|0|0|0|0|1
149|1|"SATALINO Giacomo"|"SASSUOLO"|0|0|0|0.0|0|0|0.0|0|0|0|0|0|0|0|0|0|0|0|0|0|0|0|0|1
150|1|"SCUFFET Simone"|"UDINESE"|0|0|0|0.0|0|0|0.0|0|0|0|0|0|0|0|0|0|0|0|0|0|0|0|0|1
151|1|"SEPE Luigi"|"PARMA"|1|0|1|5.0|0|1|6.0|0|1|0|0|0|0|0|0|0|0|0|0|0|0|0|0|11
152|1|"SILVESTRI Marco"|"VERONA"|1|0|1|5.5|0|1|6.5|0|1|0|0|0|0|0|0|0|0|0|0|0|0|0|0|9
153|1|"SIRIGU Salvatore"|"TORINO"|1|0|1|5.5|0|1|7.0|0|1|0|0|0|1|0|0|0|0|0|0|0|0|0|0|17
154|1|"SKORUPSKI Lukasz"|"BOLOGNA"|1|0|1|5.0|0|1|6.0|0|1|0|0|0|0|0|0|0|0|0|0|0|0|0|0|12
155|1|"SPORTIELLO Marco"|"ATALANTA"|1|0|0|0.0|0|0|0.0|0|0|0|0|0|0|0|0|0|0|0|0|0|0|0|0|1
156|1|"STRAKOSHA Thomas"|"LAZIO"|1|0|1|7.0|0|1|7.0|0|0|0|0|0|0|0|0|0|0|0|0|0|0|0|0|16
157|1|"SZCZESNY Wojciech"|"JUVENTUS"|1|0|1|6.5|0|1|6.5|0|0|0|0|0|0|0|0|0|0|0|0|0|0|0|0|20
158|1|"TERRACCIANO Pietro"|"FIORENTINA"|1|0|0|0.0|0|0|0.0|0|0|0|0|0|0|0|0|0|0|0|0|0|0|0|0|1
159|1|"THIAM Demba"|"SPAL"|1|0|0|0.0|0|0|0.0|0|0|0|0|0|0|0|0|0|0|0|0|0|0|0|0|1
160|1|"VIGORITO Mauro"|"LECCE"|1|0|0|0.0|0|0|0.0|0|0|0|0|0|0|0|0|0|0|0|0|0|0|0|0|1
161|1|"VODISEK Rok"|"GENOA"|1|0|0|0.0|0|0|0.0|0|0|0|0|0|0|0|0|0|0|0|0|0|0|0|0|1
162|1|"ZACCAGNO Andrea"|"TORINO"|1|0|0|0.0|0|0|0.0|0|0|0|0|0|0|0|0|0|0|0|0|0|0|0|0|1
163|1|"FALCONE Wladimiro"|"SAMPDORIA"|1|0|0|0.0|0|0|0.0|0|0|0|0|0|0|0|0|0|0|0|0|0|0|0|0|1
164|1|"JORONEN Jesse"|"BRESCIA"|1|0|1|7.0|0|1|7.0|0|0|0|0|0|0|0|0|0|0|0|0|0|0|0|0|12
165|1|"COLOMBI Simone"|"PARMA"|1|0|0|0.0|0|0|0.0|0|0|0|0|0|0|0|0|0|0|0|0|0|0|0|0|1
166|1|"RADUNOVIC Boris"|"VERONA"|1|0|0|0.0|0|0|0.0|0|0|0|0|0|0|0|0|0|0|0|0|0|0|0|0|2
167|1|"VICARIO Guglielmo"|"CAGLIARI"|0|0|0|0.0|0|0|0.0|0|0|0|0|0|0|0|0|0|0|0|0|0|0|0|0|1
168|1|"CORVI Edoardo"|"PARMA"|1|0|0|0.0|0|0|0.0|0|0|0|0|0|0|0|0|0|0|0|0|0|0|0|0|1
169|1|"ALASTRA Fabrizio"|"PARMA"|1|0|0|0.0|0|0|0.0|0|0|0|0|0|0|0|0|0|0|0|0|0|0|0|0|1
170|1|"NICOLAS Andrade"|"UDINESE"|1|0|0|0.0|0|0|0.0|0|0|0|0|0|0|0|0|0|0|0|0|0|0|0|0|1
171|1|"LETICA Karlo"|"SPAL"|1|0|0|0.0|0|0|0.0|0|0|0|0|0|0|0|0|0|0|0|0|0|0|0|0|1
200|1|"ACERBI Francesco"|"LAZIO"|1|1|1|6.0|0|1|6.5|0|0|0|0|0|1|0|0|0|0|0|0|0|0|0|0|16
201|1|"ADJAPONG Claud"|"VERONA"|1|1|0|0.0|0|0|0.0|0|0|0|0|0|0|0|0|0|0|0|0|0|0|0|0|6
202|1|"AINA Ola"|"TORINO"|1|1|1|6.0|0|1|6.0|0|0|0|0|0|0|0|0|0|0|0|0|0|0|0|0|9
203|1|"ALEX SANDRO Lobo Silva"|"JUVENTUS"|1|1|1|6.0|0|1|6.0|0|0|0|0|0|0|0|0|0|0|0|0|0|0|0|0|19
204|1|"ALMICI Alberto"|"VERONA"|0|1|0|0.0|0|0|0.0|0|0|0|0|0|0|0|0|0|0|0|0|0|0|0|0|2
205|1|"ALVES Bruno"|"PARMA"|1|1|1|6.0|0|1|6.0|0|0|0|0|0|0|0|0|0|0|0|0|0|0|0|0|13
206|1|"ARMINI Nicolo"|"LAZIO"|1|1|0|0.0|0|0|0.0|0|0|0|0|0|0|0|0|0|0|0|0|0|0|0|0|1
207|1|"ASAMOAH Kwadwo"|"INTER"|1|1|1|8.0|0|1|7.0|0|0|0|0|1|0|0|0|0|0|0|0|0|0|0|0|10
208|1|"AUGELLO Tommaso"|"SAMPDORIA"|1|1|0|0.0|0|0|0.0|0|0|0|0|0|0|0|0|0|0|0|0|0|0|0|0|3
209|1|"BALKOVEC Jure"|"VERONA"|0|1|0|0.0|0|0|0.0|0|0|0|0|0|0|0|0|0|0|0|0|0|0|0|0|2
210|1|"BANI Mattia"|"BOLOGNA"|1|1|0|0.0|0|0|0.0|0|0|0|0|0|0|0|0|0|0|0|0|0|0|0|0|4
211|1|"BARRECA Antonio"|"GENOA"|1|1|1|5.0|0|1|5.0|0|0|0|0|0|0|0|0|0|0|0|0|0|0|0|0|7
212|1|"BASTONI Alessandro"|"INTER"|1|1|0|0.0|0|0|0.0|0|0|0|0|0|0|0|0|0|0|0|0|0|0|0|0|5
213|1|"BASTOS Jacinto Quissanga"|"LAZIO"|1|1|0|0.0|0|0|0.0|0|0|0|0|0|0|0|0|0|0|0|0|0|0|0|0|6
214|1|"BENZAR Romario"|"LECCE"|1|1|1|6.0|0|1|6.0|0|0|0|0|0|0|0|0|0|0|0|0|0|0|0|0|6
215|1|"BERESZYNSKI Bartosz"|"SAMPDORIA"|1|1|1|4.0|0|1|4.0|0|0|0|0|0|0|0|0|0|0|0|0|0|0|0|0|5
216|1|"BIRAGHI Cristiano"|"INTER"|1|1|0|0.0|0|0|0.0|0|0|0|0|0|0|0|0|0|0|0|0|0|0|0|0|7
217|1|"BIRASCHI Davide"|"GENOA"|1|1|0|0.0|0|0|0.0|0|0|0|0|0|0|0|0|0|0|0|0|0|0|0|0|8
218|1|"BONIFAZI Kevin"|"TORINO"|1|1|1|6.5|0|1|6.5|0|0|0|0|0|0|0|0|0|0|0|0|0|0|0|0|7
219|1|"BONUCCI Leonardo"|"JUVENTUS"|1|1|1|6.5|0|1|6.5|0|0|0|0|0|0|0|0|0|0|0|0|0|0|0|0|16
220|1|"BREMER Gleison Silva Nascimento"|"TORINO"|1|1|1|6.0|0|1|6.5|0|0|0|0|0|1|0|0|0|0|0|0|0|0|0|0|3
221|1|"BUONGIORNO Alessandro"|"TORINO"|1|1|0|0.0|0|0|0.0|0|0|0|0|0|0|0|0|0|0|0|0|0|0|0|0|2
222|1|"CACCIATORE Fabrizio"|"CAGLIARI"|1|1|0|0.0|0|0|0.0|0|0|0|0|0|0|0|0|0|0|0|0|0|0|0|0|7
223|1|"CALABRESI Arturo"|"BOLOGNA"|0|1|0|0.0|0|0|0.0|0|0|0|0|0|0|0|0|0|0|0|0|0|0|0|0|5
224|1|"CALABRIA Davide"|"MILAN"|1|1|1|5.0|0|1|5.0|0|0|0|0|0|0|0|0|0|0|0|0|0|0|0|0|10
225|1|"CALDARA Mattia"|"MILAN"|1|1|0|0.0|0|0|0.0|0|0|0|0|0|0|0|0|0|0|0|0|0|0|0|0|7
226|1|"CALDERONI Marco"|"LECCE"|1|1|1|5.0|0|1|5.0|0|0|0|0|0|0|0|0|0|0|0|0|0|0|0|0|5
227|1|"CANCELO Joao"|"JUVENTUS"|0|1|0|0.0|0|0|0.0|0|0|0|0|0|0|0|0|0|0|0|0|0|0|0|0|14
228|1|"CANDELA Antonio"|"GENOA"|0|1|0|0.0|0|0|0.0|0|0|0|0|0|0|0|0|0|0|0|0|0|0|0|0|1
229|1|"CASTAGNE Timothy"|"ATALANTA"|1|1|0|0.0|0|0|0.0|0|0|0|0|0|0|0|0|0|0|0|0|0|0|0|0|16
230|1|"CECCHERINI Federico"|"FIORENTINA"|1|1|0|0.0|0|0|0.0|0|0|0|0|0|0|0|0|0|0|0|0|0|0|0|0|5
231|1|"CEPPITELLI Luca"|"CAGLIARI"|1|1|1|5.0|0|1|5.0|0|0|0|0|0|0|0|0|0|0|0|0|0|0|0|0|8
232|1|"CHABOT Julian"|"SAMPDORIA"|1|1|0|0.0|0|0|0.0|0|0|0|0|0|0|0|0|0|0|0|0|0|0|0|0|4
233|1|"CHIELLINI Giorgio"|"JUVENTUS"|1|1|1|11.5|0|1|7.0|1|0|0|0|0|0|0|0|0|0|0|0|0|0|0|0|20
234|1|"CHIRICHES Vlad"|"SASSUOLO"|1|1|0|0.0|0|0|0.0|0|0|0|0|0|0|0|0|0|0|0|0|0|0|0|0|7
235|1|"CIONEK Thiago"|"SPAL"|1|1|1|5.5|0|1|6.0|0|0|0|0|0|1|0|0|0|0|0|0|0|0|0|0|6
236|1|"CISTANA Andrea"|"BRESCIA"|1|1|1|6.0|0|1|6.0|0|0|0|0|0|0|0|0|0|0|0|0|0|0|0|0|4
237|1|"COLLEY Omar"|"SAMPDORIA"|1|1|1|5.5|0|1|5.5|0|0|0|0|0|0|0|0|0|0|0|0|0|0|0|0|7
238|1|"CONTI Andrea"|"MILAN"|1|1|0|0.0|0|0|0.0|0|0|0|0|0|0|0|0|0|0|0|0|0|0|0|0|9
239|1|"CORBO Gabriele"|"BOLOGNA"|1|1|0|0.0|0|0|0.0|0|0|0|0|0|0|0|0|0|0|0|0|0|0|0|0|1
240|1|"CRESCENZI Alessandro"|"VERONA"|1|1|0|0.0|0|0|0.0|0|0|0|0|0|0|0|0|0|0|0|0|0|0|0|0|3
241|1|"CRISCITO Domenico"|"GENOA"|1|1|1|10.5|0|1|6.0|1|0|0|0|0|0|0|0|0|0|0|0|0|0|0|0|14
242|1|"CURCIO Felipe"|"BRESCIA"|1|1|0|0.0|0|0|0.0|0|0|0|0|0|0|0|0|0|0|0|0|0|0|0|0|3
243|1|"D'AMBROSIO Danilo"|"INTER"|1|1|1|6.0|0|1|6.0|0|0|0|0|0|0|0|0|0|0|0|0|0|0|0|0|9
244|1|"DALBERT Henrique"|"FIORENTINA"|1|1|0|0.0|0|0|0.0|0|0|0|0|0|0|0|0|0|0|0|0|0|0|0|0|7
245|1|"DANILO Larangeira"|"BOLOGNA"|1|1|1|6.5|0|1|6.5|0|0|0|0|0|0|0|0|0|0|0|0|0|0|0|0|9
246|1|"DAWIDOWICZ Pawel"|"VERONA"|1|1|1|4.0|0|1|5.0|0|0|0|0|0|0|1|0|0|0|0|0|0|0|0|0|3
247|1|"DE MAIO Sebastian"|"UDINESE"|1|1|0|0.0|0|0|0.0|0|0|0|0|0|0|0|0|0|0|0|0|0|0|0|0|6
248|1|"DE SCIGLIO Mattia"|"JUVENTUS"|1|1|1|6.0|0|1|6.0|0|0|0|0|0|0|0|0|0|0|0|0|0|0|0|0|10
249|1|"DE SILVESTRI Lorenzo"|"TORINO"|1|1|1|6.5|0|1|6.5|0|0|0|0|0|0|0|0|0|0|0|0|0|0|0|0|12
250|1|"DE VRIJ Stefan"|"INTER"|1|1|0|0.0|0|0|0.0|0|0|0|0|0|0|0|0|0|0|0|0|0|0|0|0|19
251|1|"DEMIRAL Merih"|"JUVENTUS"|1|1|0|0.0|0|0|0.0|0|0|0|0|0|0|0|0|0|0|0|0|0|0|0|0|7
252|1|"DENSWIL Stefano"|"BOLOGNA"|1|1|1|5.5|0|1|6.0|0|0|0|0|0|1|0|0|0|0|0|0|0|0|0|0|7
253|1|"DEPAOLI Fabio"|"SAMPDORIA"|1|1|0|0.0|0|0|0.0|0|0|0|0|0|0|0|0|0|0|0|0|0|0|0|0|5
254|1|"DERMAKU Kastriot"|"PARMA"|1|1|0|0.0|0|0|0.0|0|0|0|0|0|0|0|0|0|0|0|0|0|0|0|0|3
255|1|"DI LORENZO Giovanni"|"NAPOLI"|1|1|1|5.5|0|1|5.5|0|0|0|0|0|0|0|0|0|0|0|0|0|0|0|0|15
256|1|"DICKMANN Lorenzo"|"SPAL"|1|1|0|0.0|0|0|0.0|0|0|0|0|0|0|0|0|0|0|0|0|0|0|0|0|4
257|1|"DIJKS Mitchell"|"BOLOGNA"|1|1|1|4.5|0|1|5.0|0|0|0|0|0|1|0|0|0|0|0|0|0|0|0|0|6
258|1|"DIMARCO Federico"|"INTER"|1|1|0|0.0|0|0|0.0|0|0|0|0|0|0|0|0|0|0|0|0|0|0|0|0|3
259|1|"DJIDJI Koffi"|"TORINO"|1|1|1|6.0|0|1|6.0|0|0|0|0|0|0|0|0|0|0|0|0|0|0|0|0|6
260|1|"DJIMSITI Berat"|"ATALANTA"|1|1|1|4.5|0|1|4.5|0|0|0|0|0|0|0|0|0|0|0|0|0|0|0|0|6
261|1|"DURMISI Riza"|"LAZIO"|1|1|0|0.0|0|0|0.0|0|0|0|0|0|0|0|0|0|0|0|0|0|0|0|0|3
262|1|"EL YAMIQ Jawad"|"GENOA"|1|1|1|5.5|0|1|5.5|0|0|0|0|0|0|0|0|0|0|0|0|0|0|0|0|3
263|1|"EMPEREUR Alan"|"VERONA"|1|1|0|0.0|0|0|0.0|0|0|0|0|0|0|0|0|0|0|0|0|0|0|0|0|3
264|1|"FARAONI Davide"|"VERONA"|1|1|1|6.0|0|1|6.0|0|0|0|0|0|0|0|0|0|0|0|0|0|0|0|0|8
265|1|"FARES Mohamed"|"SPAL"|1|1|0|0.0|0|0|0.0|0|0|0|0|0|0|0|0|0|0|0|0|0|0|0|0|10
266|1|"FAZIO Federico"|"ROMA"|1|1|1|5.5|0|1|5.5|0|0|0|0|0|0|0|0|0|0|0|0|0|0|0|0|16
267|1|"FELIPE Dal Belo"|"SPAL"|1|1|1|5.5|0|1|5.5|0|0|0|0|0|0|0|0|0|0|0|0|0|0|0|0|6
268|1|"FERRARI Gianmarco"|"SASSUOLO"|1|1|1|5.0|0|1|5.0|0|0|0|0|0|0|0|0|0|0|0|0|0|0|0|0|13
269|1|"FERRARI Alex"|"SAMPDORIA"|1|1|0|0.0|0|0|0.0|0|0|0|0|0|0|0|0|0|0|0|0|0|0|0|0|3
270|1|"FIAMOZZI Riccardo"|"LECCE"|1|1|0|0.0|0|0|0.0|0|0|0|0|0|0|0|0|0|0|0|0|0|0|0|0|3
271|1|"FLORENZI Alessandro"|"ROMA"|1|1|1|6.0|0|1|6.5|0|0|0|0|0|1|0|0|0|0|0|0|0|0|0|0|17
272|1|"GAGLIOLO Riccardo"|"PARMA"|1|1|1|6.0|0|1|6.0|0|0|0|0|0|0|0|0|0|0|0|0|0|0|0|0|6
273|1|"GASTALDELLO Daniele"|"BRESCIA"|1|1|0|0.0|0|0|0.0|0|0|0|0|0|0|0|0|0|0|0|0|0|0|0|0|5
274|1|"GAZZOLA Marcello"|"PARMA"|0|1|0|0.0|0|0|0.0|0|0|0|0|0|0|0|0|0|0|0|0|0|0|0|0|5
275|1|"GHIGLIONE Paolo"|"GENOA"|1|1|1|7.5|0|1|6.5|0|0|0|0|1|0|0|0|0|0|0|0|0|0|0|0|4
276|1|"GHOULAM Faouzi"|"NAPOLI"|1|1|1|6.0|0|1|6.0|0|0|0|0|0|0|0|0|0|0|0|0|0|0|0|0|13
277|1|"GODIN Diego"|"INTER"|1|1|0|0.0|0|0|0.0|0|0|0|0|0|0|0|0|0|0|0|0|0|0|0|0|20
278|1|"GOLDANIGA Edoardo"|"SASSUOLO"|1|1|0|0.0|0|0|0.0|0|0|0|0|0|0|0|0|0|0|0|0|0|0|0|0|5
279|1|"GOSENS Robin"|"ATALANTA"|1|1|1|11.0|0|1|6.5|1|0|0|0|0|0|0|0|0|0|0|0|0|0|0|0|16
280|1|"GRAVILLON Andrew"|"SASSUOLO"|1|1|0|0.0|0|0|0.0|0|0|0|0|0|0|0|0|0|0|0|0|0|0|0|0|5
281|1|"GUNTER Koray"|"VERONA"|1|1|0|0.0|0|0|0.0|0|0|0|0|0|0|0|0|0|0|0|0|0|0|0|0|4
282|1|"HANCKO David"|"FIORENTINA"|0|1|0|0.0|0|0|0.0|0|0|0|0|0|0|0|0|0|0|0|0|0|0|0|0|3
283|1|"HATEBOER Hans"|"ATALANTA"|1|1|1|7.5|0|1|6.5|0|0|0|0|1|0|0|0|0|0|0|0|0|0|0|0|19
284|1|"HERNANDEZ Theo"|"MILAN"|1|1|0|0.0|0|0|0.0|0|0|0|0|0|0|0|0|0|0|0|0|0|0|0|0|11
285|1|"HRISTOV Petko"|"FIORENTINA"|0|1|0|0.0|0|0|0.0|0|0|0|0|0|0|0|0|0|0|0|0|0|0|0|0|2
286|1|"HYSAJ Elseid"|"NAPOLI"|1|1|0|0.0|0|0|0.0|0|0|0|0|0|0|0|0|0|0|0|0|0|0|0|0|6
287|1|"IACOPONI Simone"|"PARMA"|1|1|1|6.5|0|1|6.5|0|0|0|0|0|0|0|0|0|0|0|0|0|0|0|0|6
288|1|"IBANEZ -"|"ATALANTA"|1|1|0|0.0|0|0|0.0|0|0|0|0|0|0|0|0|0|0|0|0|0|0|0|0|3
289|1|"IGOR JULIO dos Santos de Paulo"|"SPAL"|1|1|1|7.5|0|1|6.5|0|0|0|0|1|0|0|0|0|0|0|0|0|0|0|0|6
290|1|"IZZO Armando"|"TORINO"|1|1|1|6.5|0|1|6.5|0|0|0|0|0|0|0|0|0|0|0|0|0|0|0|0|18
291|1|"JAROSZYNSKI Pawel"|"GENOA"|0|1|0|0.0|0|0|0.0|0|0|0|0|0|0|0|0|0|0|0|0|0|0|0|0|3
292|1|"JUAN JESUS Guilherme Nunes"|"ROMA"|1|1|1|3.5|0|1|4.0|0|0|0|0|0|1|0|0|0|0|0|0|0|0|0|0|4
293|1|"KARSDORP Rick"|"ROMA"|0|1|0|0.0|0|0|0.0|0|0|0|0|0|0|0|0|0|0|0|0|0|0|0|0|4
294|1|"KLAVAN Ragnar"|"CAGLIARI"|1|1|1|6.0|0|1|6.0|0|0|0|0|0|0|0|0|0|0|0|0|0|0|0|0|5
295|1|"KOLAROV Aleksandar"|"ROMA"|1|1|1|11.0|0|1|6.5|1|0|0|0|0|0|0|0|0|0|0|0|0|0|0|0|25
296|1|"KOULIBALY Kalidou"|"NAPOLI"|1|1|1|5.5|0|1|5.5|0|0|0|0|0|0|0|0|0|0|0|0|0|0|0|0|20
297|1|"KUMBULLA Marash"|"VERONA"|1|1|1|6.0|0|1|6.0|0|0|0|0|0|0|0|0|0|0|0|0|0|0|0|0|1
298|1|"LARSEN Jens Stryger"|"UDINESE"|1|1|1|6.0|0|1|6.0|0|0|0|0|0|0|0|0|0|0|0|0|0|0|0|0|10
299|1|"LAURINI Vincent"|"PARMA"|1|1|1|6.0|0|1|6.0|0|0|0|0|0|0|0|0|0|0|0|0|0|0|0|0|4
300|1|"LAXALT Diego"|"TORINO"|1|1|0|0.0|0|0|0.0|0|0|0|0|0|0|0|0|0|0|0|0|0|0|0|0|7
301|1|"LIROLA Pol"|"FIORENTINA"|1|1|1|5.5|0|1|5.5|0|0|0|0|0|0|0|0|0|0|0|0|0|0|0|0|11
302|1|"LUCIONI Fabio"|"LECCE"|1|1|1|5.5|0|1|5.5|0|0|0|0|0|0|0|0|0|0|0|0|0|0|0|0|7
303|1|"LUIZ FELIPE Ramos Marchi"|"LAZIO"|1|1|1|6.0|0|1|6.0|0|0|0|0|0|0|0|0|0|0|0|0|0|0|0|0|7
304|1|"LUKAKU Jordan Zacharie"|"LAZIO"|1|1|0|0.0|0|0|0.0|0|0|0|0|0|0|0|0|0|0|0|0|0|0|0|0|4
305|1|"LUPERTO Sebastiano"|"NAPOLI"|1|1|0|0.0|0|0|0.0|0|0|0|0|0|0|0|0|0|0|0|0|0|0|0|0|3
306|1|"LYANCO Silveira Neves Vojnovic"|"TORINO"|1|1|0|0.0|0|0|0.0|0|0|0|0|0|0|0|0|0|0|0|0|0|0|0|0|7
307|1|"LYKOGIANNIS Charalampos"|"CAGLIARI"|1|1|1|4.0|0|1|4.5|0|0|0|0|0|1|0|0|0|0|0|0|0|0|0|0|4
308|1|"MAKSIMOVIC Nikola"|"NAPOLI"|1|1|0|0.0|0|0|0.0|0|0|0|0|0|0|0|0|0|0|0|0|0|0|0|0|6
309|1|"MALCUIT Kevin"|"NAPOLI"|1|1|0|0.0|0|0|0.0|0|0|0|0|0|0|0|0|0|0|0|0|0|0|0|0|7
310|1|"MANCINI Gianluca"|"ROMA"|1|1|1|5.5|0|1|5.5|0|0|0|0|0|0|0|0|0|0|0|0|0|0|0|0|15
311|1|"MANOLAS Konstantinos"|"NAPOLI"|1|1|1|5.5|0|1|5.5|0|0|0|0|0|0|0|0|0|0|0|0|0|0|0|0|17
312|1|"MARIO RUI Silva Duarte"|"NAPOLI"|1|1|1|5.5|0|1|6.0|0|0|0|0|0|1|0|0|0|0|0|0|0|0|0|0|8
313|1|"MARLON -"|"SASSUOLO"|1|1|1|5.0|0|1|5.5|0|0|0|0|0|1|0|0|0|0|0|0|0|0|0|0|6
314|1|"MARTELLA Bruno"|"BRESCIA"|1|1|1|6.0|0|1|6.0|0|0|0|0|0|0|0|0|0|0|0|0|0|0|0|0|8
315|1|"MARUSIC Adam"|"LAZIO"|1|1|1|6.0|0|1|6.0|0|0|0|0|0|0|0|0|0|0|0|0|0|0|0|0|7
316|1|"MASIELLO Andrea"|"ATALANTA"|1|1|1|6.0|0|1|6.0|0|0|0|0|0|0|0|0|0|0|0|0|0|0|0|0|9
317|1|"MATEJU Ales"|"BRESCIA"|1|1|0|0.0|0|0|0.0|0|0|0|0|0|0|0|0|0|0|0|0|0|0|0|0|4
318|1|"MATTIELLO Federico"|"CAGLIARI"|1|1|0|0.0|0|0|0.0|0|0|0|0|0|0|0|0|0|0|0|0|0|0|0|0|4
319|1|"MBAYE Ibrahima"|"BOLOGNA"|1|1|0|0.0|0|0|0.0|0|0|0|0|0|0|0|0|0|0|0|0|0|0|0|0|7
320|1|"MECCARIELLO Biagio"|"LECCE"|1|1|0|0.0|0|0|0.0|0|0|0|0|0|0|0|0|0|0|0|0|0|0|0|0|4
321|1|"MILENKOVIC Nikola"|"FIORENTINA"|1|1|1|11.0|0|1|6.5|1|0|0|0|0|0|0|0|0|0|0|0|0|0|0|0|15
322|1|"MIRANDA Joao"|"INTER"|0|1|0|0.0|0|0|0.0|0|0|0|0|0|0|0|0|0|0|0|0|0|0|0|0|7
323|1|"MURRU Nicola"|"SAMPDORIA"|1|1|1|5.0|0|1|5.5|0|0|0|0|0|1|0|0|0|0|0|0|0|0|0|0|8
324|1|"MUSACCHIO Mateo"|"MILAN"|1|1|1|6.0|0|1|6.0|0|0|0|0|0|0|0|0|0|0|0|0|0|0|0|0|8
325|1|"NKOULOU Nicolas"|"TORINO"|1|1|0|0.0|0|0|0.0|0|0|0|0|0|0|0|0|0|0|0|0|0|0|0|0|15
326|1|"NUYTINCK Bram"|"UDINESE"|1|1|0|0.0|0|0|0.0|0|0|0|0|0|0|0|0|0|0|0|0|0|0|0|0|5
327|1|"OPOKU Nicholas"|"UDINESE"|1|1|0|0.0|0|0|0.0|0|0|0|0|0|0|0|0|0|0|0|0|0|0|0|0|4
328|1|"PAJAC Marko"|"GENOA"|1|1|0|0.0|0|0|0.0|0|0|0|0|0|0|0|0|0|0|0|0|0|0|0|0|7
329|1|"PALOMINO José Luis"|"ATALANTA"|1|1|1|5.5|0|1|5.5|0|0|0|0|0|0|0|0|0|0|0|0|0|0|0|0|11
330|1|"PATRIC Patricio Gabarron Gil"|"LAZIO"|1|1|0|0.0|0|0|0.0|0|0|0|0|0|0|0|0|0|0|0|0|0|0|0|0|4
331|1|"PAZ Nehuén"|"BOLOGNA"|1|1|0|0.0|0|0|0.0|0|0|0|0|0|0|0|0|0|0|0|0|0|0|0|0|3
332|1|"PELLEGRINI Luca"|"CAGLIARI"|1|1|0|0.0|0|0|0.0|0|0|0|0|0|0|0|0|0|0|0|0|0|0|0|0|8
333|1|"PELUSO Federico"|"SASSUOLO"|1|1|1|6.0|0|1|6.0|0|0|0|0|0|0|0|0|0|0|0|0|0|0|0|0|5
334|1|"PEZZELLA Giuseppe"|"PARMA"|1|1|1|0.0|0|1|5.5|0|0|0|0|0|0|0|0|0|0|0|0|0|0|0|0|5
335|1|"PEZZELLA German"|"FIORENTINA"|1|1|1|5.5|0|1|6.0|0|0|0|0|0|1|0|0|0|0|0|0|0|0|0|0|14
336|1|"PISACANE Fabio"|"CAGLIARI"|1|1|0|0.0|0|0|0.0|0|0|0|0|0|0|0|0|0|0|0|0|0|0|0|0|7
337|1|"RADU Stefan"|"LAZIO"|1|1|1|6.0|0|1|6.0|0|0|0|0|0|0|0|0|0|0|0|0|0|0|0|0|6
338|1|"RANIERI Luca"|"FIORENTINA"|1|1|0|0.0|0|0|0.0|0|0|0|0|0|0|0|0|0|0|0|0|0|0|0|0|2
339|1|"RANOCCHIA Andrea"|"INTER"|1|1|1|6.0|0|1|6.0|0|0|0|0|0|0|0|0|0|0|0|0|0|0|0|0|4
340|1|"RASMUSSEN Jacob"|"FIORENTINA"|1|1|0|0.0|0|0|0.0|0|0|0|0|0|0|0|0|0|0|0|0|0|0|0|0|4
341|1|"RECA Arkadiusz"|"SPAL"|1|1|0|0.0|0|0|0.0|0|0|0|0|0|0|0|0|0|0|0|0|0|0|0|0|6
342|1|"REGINI Vasco"|"SAMPDORIA"|1|1|0|0.0|0|0|0.0|0|0|0|0|0|0|0|0|0|0|0|0|0|0|0|0|3
343|1|"RICCARDI Davide"|"LECCE"|1|1|0|0.0|0|0|0.0|0|0|0|0|0|0|0|0|0|0|0|0|0|0|0|0|1
344|1|"RIZZO Nicholas"|"GENOA"|1|1|0|0.0|0|0|0.0|0|0|0|0|0|0|0|0|0|0|0|0|0|0|0|0|1
345|1|"RODRIGO BECÃO Nascimiento Franca"|"UDINESE"|1|1|1|11.5|0|1|7.0|1|0|0|0|0|0|0|0|0|0|0|0|0|0|0|0|10
346|1|"RODRIGUEZ Ricardo"|"MILAN"|1|1|1|5.0|0|1|5.0|0|0|0|0|0|0|0|0|0|0|0|0|0|0|0|0|8
347|1|"ROGERIO Oliveira Da Silva"|"SASSUOLO"|1|1|1|5.0|0|1|5.0|0|0|0|0|0|0|0|0|0|0|0|0|0|0|0|0|7
348|1|"ROMAGNA Filippo"|"CAGLIARI"|1|1|0|0.0|0|0|0.0|0|0|0|0|0|0|0|0|0|0|0|0|0|0|0|0|4
349|1|"ROMAGNOLI Alessio"|"MILAN"|1|1|1|5.5|0|1|5.5|0|0|0|0|0|0|0|0|0|0|0|0|0|0|0|0|17
350|1|"ROMERO Cristian"|"GENOA"|1|1|1|6.5|0|1|6.0|0|0|0|0|1|1|0|0|0|0|0|0|0|0|0|0|11
351|1|"ROSSETTINI Luca"|"LECCE"|1|1|1|5.0|0|1|5.0|0|0|0|0|0|0|0|0|0|0|0|0|0|0|0|0|4
352|1|"RRAHMANI Amir"|"VERONA"|1|1|1|6.0|0|1|6.0|0|0|0|0|0|0|0|0|0|0|0|0|0|0|0|0|6
353|1|"RUGANI Daniele"|"JUVENTUS"|1|1|0|0.0|0|0|0.0|0|0|0|0|0|0|0|0|0|0|0|0|0|0|0|0|6
354|1|"SABELLI Stefano"|"BRESCIA"|1|1|1|6.5|0|1|6.5|0|0|0|0|0|0|0|0|0|0|0|0|0|0|0|0|6
355|1|"SALA Marco"|"SASSUOLO"|0|1|0|0.0|0|0|0.0|0|0|0|0|0|0|0|0|0|0|0|0|0|0|0|0|2
356|1|"SALA Jacopo"|"SAMPDORIA"|1|1|0|0.0|0|0|0.0|0|0|0|0|0|0|0|0|0|0|0|0|0|0|0|0|3
357|1|"SAMIR Caetano de Sousa"|"UDINESE"|1|1|1|6.0|0|1|6.0|0|0|0|0|0|0|0|0|0|0|0|0|0|0|0|0|9
358|1|"SANTON Davide"|"ROMA"|1|1|0|0.0|0|0|0.0|0|0|0|0|0|0|0|0|0|0|0|0|0|0|0|0|4
359|1|"SEMPRINI Alessandro"|"BRESCIA"|1|1|0|0.0|0|0|0.0|0|0|0|0|0|0|0|0|0|0|0|0|0|0|0|0|1
360|1|"SKRINIAR Milan"|"INTER"|1|1|1|6.5|0|1|6.5|0|0|0|0|0|0|0|0|0|0|0|0|0|0|0|0|17
361|1|"SPINAZZOLA Leonardo"|"ROMA"|1|1|0|0.0|0|0|0.0|0|0|0|0|0|0|0|0|0|0|0|0|0|0|0|0|10
362|1|"STRINIC Ivan"|"MILAN"|0|1|0|0.0|0|0|0.0|0|0|0|0|0|0|0|0|0|0|0|0|0|0|0|0|3
363|1|"TER AVEST Hidde"|"UDINESE"|1|1|0|0.0|0|0|0.0|0|0|0|0|0|0|0|0|0|0|0|0|0|0|0|0|4
364|1|"TERZIC Aleksa"|"FIORENTINA"|1|1|0|0.0|0|0|0.0|0|0|0|0|0|0|0|0|0|0|0|0|0|0|0|0|3
365|1|"TOLOI Rafael"|"ATALANTA"|1|1|0|0.0|0|0|0.0|0|0|0|0|0|0|0|0|0|0|0|0|0|0|0|0|10
366|1|"TOMIYASU Takehiro"|"BOLOGNA"|1|1|1|6.5|0|1|6.5|0|0|0|0|0|0|0|0|0|0|0|0|0|0|0|0|7
367|1|"TONELLI Lorenzo"|"NAPOLI"|1|1|0|0.0|0|0|0.0|0|0|0|0|0|0|0|0|0|0|0|0|0|0|0|0|4
368|1|"TRIPALDELLI Alessandro"|"SASSUOLO"|1|1|0|0.0|0|0|0.0|0|0|0|0|0|0|0|0|0|0|0|0|0|0|0|0|2
369|1|"TROOST-EKONG William"|"UDINESE"|1|1|1|6.5|0|1|6.5|0|0|0|0|0|0|0|0|0|0|0|0|0|0|0|0|8
370|1|"VAISANEN Sauli"|"SPAL"|0|1|0|0.0|0|0|0.0|0|0|0|0|0|0|0|0|0|0|0|0|0|0|0|0|3
371|1|"VARNIER Marco"|"ATALANTA"|0|1|0|0.0|0|0|0.0|0|0|0|0|0|0|0|0|0|0|0|0|0|0|0|0|2
372|1|"VENUTI Lorenzo"|"FIORENTINA"|1|1|1|5.0|0|1|5.0|0|0|0|0|0|0|0|0|0|0|0|0|0|0|0|0|6
373|1|"VERA Brayan"|"LECCE"|1|1|0|0.0|0|0|0.0|0|0|0|0|0|0|0|0|0|0|0|0|0|0|0|0|4
374|1|"VICARI Francesco"|"SPAL"|1|1|1|5.5|0|1|5.5|0|0|0|0|0|0|0|0|0|0|0|0|0|0|0|0|7
375|1|"VITALE Luigi"|"VERONA"|1|1|0|0.0|0|0|0.0|0|0|0|0|0|0|0|0|0|0|0|0|0|0|0|0|5
376|1|"VITOR HUGO Franchescoli de Souza"|"FIORENTINA"|0|1|0|0.0|0|0|0.0|0|0|0|0|0|0|0|0|0|0|0|0|0|0|0|0|6
377|1|"WALLACE Oliveira dos Santos"|"LAZIO"|1|1|0|0.0|0|0|0.0|0|0|0|0|0|0|0|0|0|0|0|0|0|0|0|0|3
378|1|"WALUKIEWICZ Sebastian"|"CAGLIARI"|1|1|0|0.0|0|0|0.0|0|0|0|0|0|0|0|0|0|0|0|0|0|0|0|0|2
379|1|"ZAPATA Cristian"|"GENOA"|1|1|1|5.5|0|1|5.5|0|0|0|0|0|0|0|0|0|0|0|0|0|0|0|0|7
380|1|"ZUKANOVIC Ervin"|"GENOA"|0|1|0|0.0|0|0|0.0|0|0|0|0|0|0|0|0|0|0|0|0|0|0|0|0|5
381|1|"GABBIA Matteo"|"MILAN"|1|1|0|0.0|0|0|0.0|0|0|0|0|0|0|0|0|0|0|0|0|0|0|0|0|1
382|1|"VAVRO Denis"|"LAZIO"|1|1|1|6.0|0|1|6.0|0|0|0|0|0|0|0|0|0|0|0|0|0|0|0|0|8
383|1|"CAPRADOSSI Elio"|"ROMA"|0|1|0|0.0|0|0|0.0|0|0|0|0|0|0|0|0|0|0|0|0|0|0|0|0|3
384|1|"SIERRALTA Francisco"|"UDINESE"|1|1|0|0.0|0|0|0.0|0|0|0|0|0|0|0|0|0|0|0|0|0|0|0|0|3
385|1|"MURILLO Jeison Fabian"|"SAMPDORIA"|1|1|1|5.0|0|1|5.0|0|0|0|0|0|0|0|0|0|0|0|0|0|0|0|0|8
386|1|"TOLJAN Jeremy"|"SASSUOLO"|1|1|1|4.5|0|1|4.5|0|0|0|0|0|0|0|0|0|0|0|0|0|0|0|0|7
387|1|"DE LIGT Matthijs"|"JUVENTUS"|1|1|0|0.0|0|0|0.0|0|0|0|0|0|0|0|0|0|0|0|0|0|0|0|0|22
388|1|"BOCCHETTI Salvatore"|"VERONA"|1|1|1|5.5|0|1|5.5|0|0|0|0|0|0|0|0|0|0|0|0|0|0|0|0|6
389|1|"PINNA Simone"|"CAGLIARI"|1|1|1|5.5|0|1|6.0|0|0|0|0|0|1|0|0|0|0|0|0|0|0|0|0|1
390|1|"CHANCELLOR Jhon"|"BRESCIA"|1|1|1|6.5|0|1|6.5|0|0|0|0|0|0|0|0|0|0|0|0|0|0|0|0|5
391|1|"SINGO Wilfried Stephane"|"TORINO"|1|1|0|0.0|0|0|0.0|0|0|0|0|0|0|0|0|0|0|0|0|0|0|0|0|1
392|1|"MANGRAVITI Massimiliano"|"BRESCIA"|1|1|0|0.0|0|0|0.0|0|0|0|0|0|0|0|0|0|0|0|0|0|0|0|0|1
393|1|"EL KAOUAKIBI Hamza"|"BOLOGNA"|0|1|0|0.0|0|0|0.0|0|0|0|0|0|0|0|0|0|0|0|0|0|0|0|0|1
394|1|"GALLO Antonino"|"LECCE"|1|1|0|0.0|0|0|0.0|0|0|0|0|0|0|0|0|0|0|0|0|0|0|0|0|1
395|1|"DUARTE Leo"|"MILAN"|1|1|0|0.0|0|0|0.0|0|0|0|0|0|0|0|0|0|0|0|0|0|0|0|0|7
396|1|"DANILO -"|"JUVENTUS"|1|1|0|0.0|0|0|0.0|0|0|0|0|0|0|0|0|0|0|0|0|0|0|0|0|11
397|1|"MAGNANI Giangiacomo"|"BRESCIA"|1|1|0|0.0|0|0|0.0|0|0|0|0|0|0|0|0|0|0|0|0|0|0|0|0|7
398|1|"SKRTEL Martin"|"ATALANTA"|1|1|0|0.0|0|0|0.0|0|0|0|0|0|0|0|0|0|0|0|0|0|0|0|0|12
399|1|"DELL'ORCO Christian"|"LECCE"|1|1|0|0.0|0|0|0.0|0|0|0|0|0|0|0|0|0|0|0|0|0|0|0|0|5
400|1|"RISPOLI Andrea"|"LECCE"|1|1|1|4.5|0|1|4.5|0|0|0|0|0|0|0|0|0|0|0|0|0|0|0|0|5
401|1|"CETIN Mert"|"ROMA"|1|1|0|0.0|0|0|0.0|0|0|0|0|0|0|0|0|0|0|0|0|0|0|0|0|4
402|1|"DUMANCIC Luka"|"LECCE"|1|1|0|0.0|0|0|0.0|0|0|0|0|0|0|0|0|0|0|0|0|0|0|0|0|1
403|1|"FARCAS Ricardo"|"SPAL"|1|1|0|0.0|0|0|0.0|0|0|0|0|0|0|0|0|0|0|0|0|0|0|0|0|1
404|1|"MULDUR Mert"|"SASSUOLO"|1|1|1|5.5|0|1|5.5|0|0|0|0|0|0|0|0|0|0|0|0|0|0|0|0|4
405|1|"ZAPPACOSTA Davide"|"ROMA"|1|1|1|5.5|0|1|5.5|0|0|0|0|0|0|0|0|0|0|0|0|0|0|0|0|11
406|1|"MINELLI Alessandro"|"PARMA"|1|1|0|0.0|0|0|0.0|0|0|0|0|0|0|0|0|0|0|0|0|0|0|0|0|1
407|1|"TOMOVIC Nenad"|"SPAL"|1|1|1|6.0|0|1|6.0|0|0|0|0|0|0|0|0|0|0|0|0|0|0|0|0|4
408|1|"ARANA Guilherme"|"ATALANTA"|1|1|0|0.0|0|0|0.0|0|0|0|0|0|0|0|0|0|0|0|0|0|0|0|0|7
500|1|"ALLAN Marques Loureiro"|"NAPOLI"|1|2|1|5.5|0|1|6.0|0|0|0|0|0|1|0|0|0|0|0|0|0|0|0|0|18
501|1|"ANSALDI Cristian"|"TORINO"|1|2|1|7.5|0|1|7.0|0|0|0|0|1|1|0|0|0|0|0|0|0|0|0|0|14
502|1|"BADELJ Milan"|"FIORENTINA"|1|2|1|6.0|0|1|6.0|0|0|0|0|0|0|0|0|0|0|0|0|0|0|0|0|11
503|1|"BADU Emmanuel"|"VERONA"|1|2|0|0.0|0|0|0.0|0|0|0|0|0|0|0|0|0|0|0|0|0|0|0|0|5
504|1|"BALIC Andrija"|"UDINESE"|1|2|0|0.0|0|0|0.0|0|0|0|0|0|0|0|0|0|0|0|0|0|0|0|0|5
505|1|"BARAK Antonin"|"UDINESE"|1|2|0|0.0|0|0|0.0|0|0|0|0|0|0|0|0|0|0|0|0|0|0|0|0|10
506|1|"BARELLA Nicolò"|"INTER"|1|2|1|7.0|0|1|6.0|0|0|0|0|1|0|0|0|0|0|0|0|0|0|0|0|17
507|1|"BARILLÀ Antonino"|"PARMA"|1|2|1|6.0|0|1|6.0|0|0|0|0|0|0|0|0|0|0|0|0|0|0|0|0|11
508|1|"BARRETO Edgar"|"SAMPDORIA"|1|2|0|0.0|0|0|0.0|0|0|0|0|0|0|0|0|0|0|0|0|0|0|0|0|5
509|1|"BASELLI Daniele"|"TORINO"|1|2|1|6.0|0|1|6.0|0|0|0|0|0|0|0|0|0|0|0|0|0|0|0|0|16
510|1|"BENASSI Marco"|"FIORENTINA"|1|2|1|6.0|0|1|6.0|0|0|0|0|0|0|0|0|0|0|0|0|0|0|0|0|17
511|1|"BENTANCUR Rodrigo"|"JUVENTUS"|1|2|0|0.0|0|0|0.0|0|0|0|0|0|0|0|0|0|0|0|0|0|0|0|0|13
512|1|"BERISHA Valon"|"LAZIO"|1|2|0|0.0|0|0|0.0|0|0|0|0|0|0|0|0|0|0|0|0|0|0|0|0|5
513|1|"BIANCU Roberto"|"CAGLIARI"|0|2|0|0.0|0|0|0.0|0|0|0|0|0|0|0|0|0|0|0|0|0|0|0|0|1
514|1|"BIGLIA Lucas"|"MILAN"|1|2|0|0.0|0|0|0.0|0|0|0|0|0|0|0|0|0|0|0|0|0|0|0|0|8
515|1|"BISOLI Dimitri"|"BRESCIA"|1|2|1|7.5|0|1|7.5|0|0|0|0|0|0|0|0|0|0|0|0|0|0|0|0|13
516|1|"BONAVENTURA Giacomo"|"MILAN"|1|2|0|0.0|0|0|0.0|0|0|0|0|0|0|0|0|0|0|0|0|0|0|0|0|14
517|1|"BORJA VALERO Iglesias"|"INTER"|1|2|0|0.0|0|0|0.0|0|0|0|0|0|0|0|0|0|0|0|0|0|0|0|0|7
518|1|"BOURABIA Mehdi"|"SASSUOLO"|1|2|1|5.5|0|1|6.0|0|0|0|0|0|1|0|0|0|0|0|0|0|0|0|0|8
519|1|"BRADARIC Filip"|"CAGLIARI"|1|2|0|0.0|0|0|0.0|0|0|0|0|0|0|0|0|0|0|0|0|0|0|0|0|6
520|1|"BROZOVIC Marcelo"|"INTER"|1|2|1|11.5|0|1|7.5|1|0|0|0|0|0|0|0|0|0|0|0|0|0|0|0|19
521|1|"CALHANOGLU Hakan"|"MILAN"|1|2|1|4.0|0|1|4.5|0|0|0|0|0|1|0|0|0|0|0|0|0|0|0|0|15
522|1|"CALIGARA Fabrizio"|"CAGLIARI"|0|2|0|0.0|0|0|0.0|0|0|0|0|0|0|0|0|0|0|0|0|0|0|0|0|1
523|1|"CAN Emre"|"JUVENTUS"|1|2|0|0.0|0|0|0.0|0|0|0|0|0|0|0|0|0|0|0|0|0|0|0|0|16
524|1|"CANDREVA Antonio"|"INTER"|1|2|1|11.5|0|1|7.5|1|0|0|0|0|0|0|0|0|0|0|0|0|0|0|0|11
525|1|"CAPEZZI Leonardo"|"SAMPDORIA"|1|2|0|0.0|0|0|0.0|0|0|0|0|0|0|0|0|0|0|0|0|0|0|0|0|3
526|1|"CASSATA Francesco"|"GENOA"|1|2|0|0.0|0|0|0.0|0|0|0|0|0|0|0|0|0|0|0|0|0|0|0|0|5
527|1|"CASTRO Lucas"|"CAGLIARI"|1|2|1|6.5|0|1|6.5|0|0|0|0|0|0|0|0|0|0|0|0|0|0|0|0|14
528|1|"CATALDI Danilo"|"LAZIO"|1|2|0|0.0|0|0|0.0|0|0|0|0|0|0|0|0|0|0|0|0|0|0|0|0|6
529|1|"CIGARINI Luca"|"CAGLIARI"|1|2|0|0.0|0|0|0.0|0|0|0|0|0|0|0|0|0|0|0|0|0|0|0|0|8
530|1|"CORIC Ante"|"ROMA"|0|2|0|0.0|0|0|0.0|0|0|0|0|0|0|0|0|0|0|0|0|0|0|0|0|4
531|1|"COULIBALY Mamadou"|"UDINESE"|1|2|0|0.0|0|0|0.0|0|0|0|0|0|0|0|0|0|0|0|0|0|0|0|0|4
532|1|"CRISTANTE Bryan"|"ROMA"|1|2|1|5.5|0|1|5.5|0|0|0|0|0|0|0|0|0|0|0|0|0|0|0|0|15
533|1|"CRISTOFORO Sebastian"|"FIORENTINA"|1|2|0|0.0|0|0|0.0|0|0|0|0|0|0|0|0|0|0|0|0|0|0|0|0|4
534|1|"CUADRADO Juan"|"JUVENTUS"|1|2|1|6.0|0|1|6.0|0|0|0|0|0|0|0|0|0|0|0|0|0|0|0|0|12
535|1|"D'ALESSANDRO Marco"|"SPAL"|1|2|1|5.5|0|1|5.5|0|0|0|0|0|0|0|0|0|0|0|0|0|0|0|0|8
536|1|"DABO Bryan"|"FIORENTINA"|1|2|0|0.0|0|0|0.0|0|0|0|0|0|0|0|0|0|0|0|0|0|0|0|0|6
537|1|"DANZI Andrea"|"VERONA"|1|2|0|0.0|0|0|0.0|0|0|0|0|0|0|0|0|0|0|0|0|0|0|0|0|2
538|1|"DE ROON Marten"|"ATALANTA"|1|2|1|5.5|0|1|6.0|0|0|0|0|0|1|0|0|0|0|0|0|0|0|0|0|16
539|1|"DEIOLA Alessandro"|"CAGLIARI"|1|2|0|0.0|0|0|0.0|0|0|0|0|0|0|0|0|0|0|0|0|0|0|0|0|4
540|1|"DESSENA Daniele"|"BRESCIA"|1|2|1|5.5|0|1|6.0|0|0|0|0|0|1|0|0|0|0|0|0|0|0|0|0|6
541|1|"DEZI Jacopo"|"PARMA"|0|2|0|0.0|0|0|0.0|0|0|0|0|0|0|0|0|0|0|0|0|0|0|0|0|4
542|1|"DIAWARA Amadou"|"ROMA"|1|2|0|0.0|0|0|0.0|0|0|0|0|0|0|0|0|0|0|0|0|0|0|0|0|9
543|1|"DONSAH Godfred"|"BOLOGNA"|0|2|0|0.0|0|0|0.0|0|0|0|0|0|0|0|0|0|0|0|0|0|0|0|0|5
544|1|"DUNCAN Alfred"|"SASSUOLO"|1|2|0|0.0|0|0|0.0|0|0|0|0|0|0|0|0|0|0|0|0|0|0|0|0|15
545|1|"DZEMAILI Blerim"|"BOLOGNA"|1|2|0|0.0|0|0|0.0|0|0|0|0|0|0|0|0|0|0|0|0|0|0|0|0|9
546|1|"EKDAL Albin"|"SAMPDORIA"|1|2|1|5.0|0|1|5.5|0|0|0|0|0|1|0|0|0|0|0|0|0|0|0|0|11
547|1|"FARAGÒ Paolo"|"CAGLIARI"|1|2|0|0.0|0|0|0.0|0|0|0|0|0|0|0|0|0|0|0|0|0|0|0|0|5
548|1|"FOFANA Seko"|"UDINESE"|1|2|1|6.5|0|1|6.5|0|0|0|0|0|0|0|0|0|0|0|0|0|0|0|0|12
549|1|"FREULER Remo"|"ATALANTA"|1|2|1|6.0|0|1|6.0|0|0|0|0|0|0|0|0|0|0|0|0|0|0|0|0|17
550|1|"GAGLIARDINI Roberto"|"INTER"|1|2|1|6.0|0|1|6.0|0|0|0|0|0|0|0|0|0|0|0|0|0|0|0|0|10
551|1|"GONALONS Maxime"|"ROMA"|1|2|0|0.0|0|0|0.0|0|0|0|0|0|0|0|0|0|0|0|0|0|0|0|0|5
552|1|"GRASSI Alberto"|"PARMA"|1|2|1|6.0|0|1|6.0|0|0|0|0|0|0|0|0|0|0|0|0|0|0|0|0|6
553|1|"HENDERSON Liam"|"VERONA"|1|2|1|6.0|0|1|6.5|0|0|0|0|0|1|0|0|0|0|0|0|0|0|0|0|6
554|1|"HILJEMARK Oscar"|"GENOA"|1|2|0|0.0|0|0|0.0|0|0|0|0|0|0|0|0|0|0|0|0|0|0|0|0|8
555|1|"INGELSSON Svante"|"UDINESE"|1|2|0|0.0|0|0|0.0|0|0|0|0|0|0|0|0|0|0|0|0|0|0|0|0|3
556|1|"IONITA Artur"|"CAGLIARI"|1|2|1|5.5|0|1|5.5|0|0|0|0|0|0|0|0|0|0|0|0|0|0|0|0|10
557|1|"JAGIELLO Filip"|"GENOA"|1|2|0|0.0|0|0|0.0|0|0|0|0|0|0|0|0|0|0|0|0|0|0|0|0|8
558|1|"JAJALO Mato"|"UDINESE"|1|2|1|6.5|0|1|7.0|0|0|0|0|0|1|0|0|0|0|0|0|0|0|0|0|7
559|1|"JANKTO Jakub"|"SAMPDORIA"|1|2|1|6.0|0|1|6.0|0|0|0|0|0|0|0|0|0|0|0|0|0|0|0|0|11
560|1|"JOAO MARIO -"|"INTER"|0|2|0|0.0|0|0|0.0|0|0|0|0|0|0|0|0|0|0|0|0|0|0|0|0|6
561|1|"KESSIE Franck"|"MILAN"|1|2|1|5.0|0|1|5.0|0|0|0|0|0|0|0|0|0|0|0|0|0|0|0|0|19
562|1|"KHEDIRA Sami"|"JUVENTUS"|1|2|1|5.5|0|1|6.0|0|0|0|0|0|1|0|0|0|0|0|0|0|0|0|0|12
563|1|"KINGSLEY Michael"|"BOLOGNA"|1|2|1|6.0|0|1|6.0|0|0|0|0|0|0|0|0|0|0|0|0|0|0|0|0|2
564|1|"KREJCI Ladislav"|"BOLOGNA"|1|2|0|0.0|0|0|0.0|0|0|0|0|0|0|0|0|0|0|0|0|0|0|0|0|4
565|1|"KRUNIC Rade"|"MILAN"|1|2|0|0.0|0|0|0.0|0|0|0|0|0|0|0|0|0|0|0|0|0|0|0|0|13
566|1|"KUCKA Juraj"|"PARMA"|1|2|0|0.0|0|0|0.0|0|0|0|0|0|0|0|0|0|0|0|0|0|0|0|0|15
567|1|"KULUSEVSKI Dejan"|"PARMA"|1|2|1|5.5|0|1|6.0|0|0|0|0|0|1|0|0|0|0|0|0|0|0|0|0|2
568|1|"KURTIC Jasmin"|"SPAL"|1|2|1|6.0|0|1|6.0|0|0|0|0|0|0|0|0|0|0|0|0|0|0|0|0|16
569|1|"LAZARO Valentino"|"INTER"|1|2|0|0.0|0|0|0.0|0|0|0|0|0|0|0|0|0|0|0|0|0|0|0|0|14
570|1|"LAZZARI Manuel"|"LAZIO"|1|2|1|5.5|0|1|6.0|0|0|0|0|0|1|0|0|0|0|0|0|0|0|0|0|14
571|1|"LEIVA Lucas"|"LAZIO"|1|2|0|0.0|0|0|0.0|0|0|0|0|0|0|0|0|0|0|0|0|0|0|0|0|13
572|1|"LERAGER Lukas"|"GENOA"|1|2|1|6.0|0|1|6.0|0|0|0|0|0|0|0|0|0|0|0|0|0|0|0|0|7
573|1|"LINETTY Karol"|"SAMPDORIA"|1|2|1|5.0|0|1|5.0|0|0|0|0|0|0|0|0|0|0|0|0|0|0|0|0|13
574|1|"LOCATELLI Manuel"|"SASSUOLO"|1|2|1|5.0|0|1|5.0|0|0|0|0|0|0|0|0|0|0|0|0|0|0|0|0|11
575|1|"LUCAS Martello Nascimento"|"VERONA"|1|2|0|0.0|0|0|0.0|0|0|0|0|0|0|0|0|0|0|0|0|0|0|0|0|1
576|1|"LUKIC Sasa"|"TORINO"|1|2|1|6.5|0|1|5.5|0|0|0|0|1|0|0|0|0|0|0|0|0|0|0|0|7
577|1|"LULIC Senad"|"LAZIO"|1|2|1|6.0|0|1|6.0|0|0|0|0|0|0|0|0|0|0|0|0|0|0|0|0|16
578|1|"MAGNANELLI Francesco"|"SASSUOLO"|1|2|0|0.0|0|0|0.0|0|0|0|0|0|0|0|0|0|0|0|0|0|0|0|0|6
579|1|"MAJER Zan"|"LECCE"|1|2|1|5.0|0|1|5.0|0|0|0|0|0|0|0|0|0|0|0|0|0|0|0|0|4
580|1|"MANDRAGORA Rolando"|"UDINESE"|1|2|1|6.5|0|1|6.5|0|0|0|0|0|0|0|0|0|0|0|0|0|0|0|0|11
581|1|"MARRONE Luca"|"VERONA"|0|2|0|0.0|0|0|0.0|0|0|0|0|0|0|0|0|0|0|0|0|0|0|0|0|3
582|1|"MATUIDI Blaise"|"JUVENTUS"|1|2|1|5.5|0|1|5.5|0|0|0|0|0|0|0|0|0|0|0|0|0|0|0|0|15
583|1|"MAWULI Shaka Eklu"|"SPAL"|1|2|0|0.0|0|0|0.0|0|0|0|0|0|0|0|0|0|0|0|0|0|0|0|0|1
584|1|"MAZZITELLI Luca"|"SASSUOLO"|1|2|0|0.0|0|0|0.0|0|0|0|0|0|0|0|0|0|0|0|0|0|0|0|0|4
585|1|"MEDJA BELOKO Nicky"|"FIORENTINA"|0|2|0|0.0|0|0|0.0|0|0|0|0|0|0|0|0|0|0|0|0|0|0|0|0|1
586|1|"MEITE Soualiho"|"TORINO"|1|2|0|0.0|0|0|0.0|0|0|0|0|0|0|0|0|0|0|0|0|0|0|0|0|12
587|1|"MILINKOVIC Sergej"|"LAZIO"|1|2|1|7.0|0|1|7.0|0|0|0|0|0|0|0|0|0|0|0|0|0|0|0|0|25
588|1|"MISSIROLI Simone"|"SPAL"|1|2|1|5.5|0|1|5.5|0|0|0|0|0|0|0|0|0|0|0|0|0|0|0|0|8
589|1|"MURGIA Alessandro"|"SPAL"|1|2|1|5.5|0|1|5.5|0|0|0|0|0|0|0|0|0|0|0|0|0|0|0|0|7
590|1|"N'ZONZI Steven"|"ROMA"|0|2|0|0.0|0|0|0.0|0|0|0|0|0|0|0|0|0|0|0|0|0|0|0|0|8
591|1|"NAGY Adam"|"BOLOGNA"|0|2|0|0.0|0|0|0.0|0|0|0|0|0|0|0|0|0|0|0|0|0|0|0|0|4
592|1|"NAINGGOLAN Radja"|"CAGLIARI"|1|2|1|5.5|0|1|5.5|0|0|0|0|0|0|0|0|0|0|0|0|0|0|0|0|21
593|1|"NDOJ Emanuele"|"BRESCIA"|1|2|0|0.0|0|0|0.0|0|0|0|0|0|0|0|0|0|0|0|0|0|0|0|0|7
594|1|"OMEONGA Stephane"|"GENOA"|0|2|0|0.0|0|0|0.0|0|0|0|0|0|0|0|0|0|0|0|0|0|0|0|0|3
595|1|"PAQUETA Lucas"|"MILAN"|1|2|1|5.0|0|1|5.5|0|0|0|0|0|1|0|0|0|0|0|0|0|0|0|0|18
596|1|"PAROLO Marco"|"LAZIO"|1|2|1|6.5|0|1|6.5|0|0|0|0|0|0|0|0|0|0|0|0|0|0|0|0|13
597|1|"PELLEGRINI Lorenzo"|"ROMA"|1|2|1|5.5|0|1|6.0|0|0|0|0|0|1|0|0|0|0|0|0|0|0|0|0|18
598|1|"PERISIC Ivan"|"INTER"|0|2|0|0.0|0|0|0.0|0|0|0|0|0|0|0|0|0|0|0|0|0|0|0|0|22
599|1|"PESSINA Matteo"|"VERONA"|1|2|0|0.0|0|0|0.0|0|0|0|0|0|0|0|0|0|0|0|0|0|0|0|0|5
600|1|"PETRICCIONE Jacopo"|"LECCE"|1|2|1|5.5|0|1|6.0|0|0|0|0|0|1|0|0|0|0|0|0|0|0|0|0|6
601|1|"PJANIC Miralem"|"JUVENTUS"|1|2|1|5.5|0|1|6.0|0|0|0|0|0|1|0|0|0|0|0|0|0|0|0|0|20
602|1|"POLI Andrea"|"BOLOGNA"|1|2|1|5.5|0|1|5.5|0|0|0|0|0|0|0|0|0|0|0|0|0|0|0|0|11
603|1|"PRAET Dennis"|"SAMPDORIA"|0|2|0|0.0|0|0|0.0|0|0|0|0|0|0|0|0|0|0|0|0|0|0|0|0|15
604|1|"PULGAR Erick"|"FIORENTINA"|1|2|1|12.0|0|1|7.0|1|0|0|0|1|0|0|0|0|0|0|0|0|0|0|0|20
605|1|"RABIOT Adrien"|"JUVENTUS"|1|2|1|5.5|0|1|5.5|0|0|0|0|0|0|0|0|0|0|0|0|0|0|0|0|18
606|1|"RADOVANOVIC Ivan"|"GENOA"|1|2|1|5.5|0|1|5.5|0|0|0|0|0|0|0|0|0|0|0|0|0|0|0|0|6
607|1|"RICCARDI Alessio"|"ROMA"|1|2|0|0.0|0|0|0.0|0|0|0|0|0|0|0|0|0|0|0|0|0|0|0|0|1
608|1|"RINCON Tomas"|"TORINO"|1|2|1|6.0|0|1|6.0|0|0|0|0|0|0|0|0|0|0|0|0|0|0|0|0|13
609|1|"ROG Marko"|"CAGLIARI"|1|2|0|0.0|0|0|0.0|0|0|0|0|0|0|0|0|0|0|0|0|0|0|0|0|9
610|1|"ROMULO Orestes"|"GENOA"|1|2|0|0.0|0|0|0.0|0|0|0|0|0|0|0|0|0|0|0|0|0|0|0|0|11
611|1|"RUIZ Fabian"|"NAPOLI"|1|2|1|5.0|0|1|5.0|0|0|0|0|0|0|0|0|0|0|0|0|0|0|0|0|22
612|1|"SBRISSA Giovanni"|"SASSUOLO"|1|2|0|0.0|0|0|0.0|0|0|0|0|0|0|0|0|0|0|0|0|0|0|0|0|2
613|1|"SCHAFER Andras"|"GENOA"|0|2|0|0.0|0|0|0.0|0|0|0|0|0|0|0|0|0|0|0|0|0|0|0|0|2
614|1|"SCHIATTARELLA Pasquale"|"SPAL"|0|2|0|0.0|0|0|0.0|0|0|0|0|0|0|0|0|0|0|0|0|0|0|0|0|6
615|1|"SCHOUTEN Jerdy"|"BOLOGNA"|1|2|0|0.0|0|0|0.0|0|0|0|0|0|0|0|0|0|0|0|0|0|0|0|0|8
616|1|"SCOZZARELLA Matteo"|"PARMA"|1|2|0|0.0|0|0|0.0|0|0|0|0|0|0|0|0|0|0|0|0|0|0|0|0|6
617|1|"SENSI Stefano"|"INTER"|1|2|1|11.5|0|1|7.5|1|0|0|0|0|0|0|0|0|0|0|0|0|0|0|0|15
618|1|"SHAKHOV Evgen"|"LECCE"|1|2|0|0.0|0|0|0.0|0|0|0|0|0|0|0|0|0|0|0|0|0|0|0|0|10
619|1|"STREFEZZA Gabriel"|"SPAL"|1|2|0|0.0|0|0|0.0|0|0|0|0|0|0|0|0|0|0|0|0|0|0|0|0|4
620|1|"STULAC Leo"|"PARMA"|0|2|0|0.0|0|0|0.0|0|0|0|0|0|0|0|0|0|0|0|0|0|0|0|0|5
621|1|"STURARO Stefano"|"GENOA"|1|2|0|0.0|0|0|0.0|0|0|0|0|0|0|0|0|0|0|0|0|0|0|0|0|6
622|1|"SVANBERG Mattias"|"BOLOGNA"|1|2|0|0.0|0|0|0.0|0|0|0|0|0|0|0|0|0|0|0|0|0|0|0|0|5
623|1|"TABANELLI Andrea"|"LECCE"|1|2|0|0.0|0|0|0.0|0|0|0|0|0|0|0|0|0|0|0|0|0|0|0|0|6
624|1|"TACHTSIDIS Panagiotis"|"LECCE"|1|2|1|4.5|0|1|4.5|0|0|0|0|0|0|0|0|0|0|0|0|0|0|0|0|6
625|1|"THORSBY Morten"|"SAMPDORIA"|1|2|0|0.0|0|0|0.0|0|0|0|0|0|0|0|0|0|0|0|0|0|0|0|0|8
626|1|"TONALI Sandro"|"BRESCIA"|1|2|1|7.0|0|1|7.0|0|0|0|0|0|0|0|0|0|0|0|0|0|0|0|0|12
627|1|"TRAORE Hamed Junior"|"SASSUOLO"|1|2|1|6.5|0|1|6.5|0|0|0|0|0|0|0|0|0|0|0|0|0|0|0|0|14
628|1|"VALDIFIORI Mirko"|"SPAL"|1|2|0|0.0|0|0|0.0|0|0|0|0|0|0|0|0|0|0|0|0|0|0|0|0|4
629|1|"VALOTI Mattia"|"SPAL"|1|2|1|5.5|0|1|6.0|0|0|0|0|0|1|0|0|0|0|0|0|0|0|0|0|7
630|1|"VALZANIA Luca"|"ATALANTA"|1|2|0|0.0|0|0|0.0|0|0|0|0|0|0|0|0|0|0|0|0|0|0|0|0|5
631|1|"VECINO Matias"|"INTER"|1|2|1|6.5|0|1|6.5|0|0|0|0|0|0|0|0|0|0|0|0|0|0|0|0|13
632|1|"VELOSO Miguel"|"VERONA"|1|2|1|10.5|0|1|6.5|1|0|0|0|0|0|0|0|0|0|0|0|0|0|0|0|9
633|1|"VERETOUT Jordan"|"ROMA"|1|2|0|0.0|0|0|0.0|0|0|0|0|0|0|0|0|0|0|0|0|0|0|0|0|17
634|1|"VIEIRA Ronaldo"|"SAMPDORIA"|1|2|1|6.0|0|1|6.0|0|0|0|0|0|0|0|0|0|0|0|0|0|0|0|0|4
635|1|"VIVIANI Mattia"|"BRESCIA"|1|2|0|0.0|0|0|0.0|0|0|0|0|0|0|0|0|0|0|0|0|0|0|0|0|1
636|1|"ZACCAGNI Mattia"|"VERONA"|1|2|0|6.0|0|0|0.0|0|0|0|0|0|0|0|0|0|0|0|0|0|0|0|0|7
637|1|"ZENNARO Mattia"|"GENOA"|1|2|0|0.0|0|0|0.0|0|0|0|0|0|0|0|0|0|0|0|0|0|0|0|0|1
638|1|"ZIELINSKI Piotr"|"NAPOLI"|1|2|1|5.0|0|1|5.5|0|0|0|0|0|1|0|0|0|0|0|0|0|0|0|0|20
639|1|"ZURKOWSKI Szymon"|"FIORENTINA"|1|2|0|0.0|0|0|0.0|0|0|0|0|0|0|0|0|0|0|0|0|0|0|0|0|7
640|1|"AGOUME Lucien"|"INTER"|1|2|0|0.0|0|0|0.0|0|0|0|0|0|0|0|0|0|0|0|0|0|0|0|0|1
641|1|"CASTROVILLI Gaetano"|"FIORENTINA"|1|2|1|7.0|0|1|6.0|0|0|0|0|1|0|0|0|0|0|0|0|0|0|0|0|7
642|1|"SEGRE Jacopo"|"TORINO"|0|2|0|0.0|0|0|0.0|0|0|0|0|0|0|0|0|0|0|0|0|0|0|0|0|4
643|1|"VERRE Valerio"|"VERONA"|1|2|1|5.5|0|1|5.5|0|0|0|0|0|0|0|0|0|0|0|0|0|0|0|0|13
644|1|"MACHIN José"|"PARMA"|1|2|0|0.0|0|0|0.0|0|0|0|0|0|0|0|0|0|0|0|0|0|0|0|0|4
645|1|"MUNARI Gianni"|"PARMA"|1|2|0|0.0|0|0|0.0|0|0|0|0|0|0|0|0|0|0|0|0|0|0|0|0|3
646|1|"HERNANI Azevedo Júnior"|"PARMA"|1|2|1|5.5|0|1|6.0|0|0|0|0|0|1|0|0|0|0|0|0|0|0|0|0|11
647|1|"MALINOVSKIY Ruslan"|"ATALANTA"|1|2|1|6.0|0|1|6.0|0|0|0|0|0|0|0|0|0|0|0|0|0|0|0|0|12
648|1|"OLIVA Christian"|"CAGLIARI"|1|2|0|0.0|0|0|0.0|0|0|0|0|0|0|0|0|0|0|0|0|0|0|0|0|5
649|1|"D'URSO Christian"|"ROMA"|0|2|0|0.0|0|0|0.0|0|0|0|0|0|0|0|0|0|0|0|0|0|0|0|0|2
650|1|"BENNACER Ismael"|"MILAN"|1|2|0|0.0|0|0|0.0|0|0|0|0|0|0|0|0|0|0|0|0|0|0|0|0|12
651|1|"PALMIERO Luca"|"NAPOLI"|0|2|0|0.0|0|0|0.0|0|0|0|0|0|0|0|0|0|0|0|0|0|0|0|0|3
652|1|"JONY -"|"LAZIO"|1|2|0|0.0|0|0|0.0|0|0|0|0|0|0|0|0|0|0|0|0|0|0|0|0|12
653|1|"SIBO kwasi"|"UDINESE"|0|2|0|0.0|0|0|0.0|0|0|0|0|0|0|0|0|0|0|0|0|0|0|0|0|1
654|1|"ELMAS Eljif"|"NAPOLI"|1|2|1|6.0|0|1|6.0|0|0|0|0|0|0|0|0|0|0|0|0|0|0|0|0|10
655|1|"OBIANG Pedro"|"SASSUOLO"|1|2|1|5.0|0|1|5.5|0|0|0|0|0|1|0|0|0|0|0|0|0|0|0|0|8
656|1|"BRUGMAN Gaston"|"PARMA"|1|2|1|6.5|0|1|6.5|0|0|0|0|0|0|0|0|0|0|0|0|0|0|0|0|8
657|1|"POMPETTI Marco"|"SAMPDORIA"|1|2|0|0.0|0|0|0.0|0|0|0|0|0|0|0|0|0|0|0|0|0|0|0|0|1
658|1|"LAZOVIC Darko"|"VERONA"|1|2|1|5.5|0|1|5.5|0|0|0|0|0|0|0|0|0|0|0|0|0|0|0|0|10
659|1|"AGUDELO Kevin"|"GENOA"|1|2|0|0.0|0|0|0.0|0|0|0|0|0|0|0|0|0|0|0|0|0|0|0|0|3
660|1|"SCHONE Lasse"|"GENOA"|1|2|1|6.5|0|1|6.5|0|0|0|0|0|0|0|0|0|0|0|0|0|0|0|0|15
661|1|"ZMRHAL Jaromir"|"BRESCIA"|1|2|0|5.5|0|0|0.0|0|0|0|0|0|0|0|0|0|0|0|0|0|0|0|0|10
662|1|"RIGONI Luca"|"PARMA"|1|2|0|0.0|0|0|0.0|0|0|0|0|0|0|0|0|0|0|0|0|0|0|0|0|8
663|1|"NANDEZ Nahitan"|"CAGLIARI"|1|2|1|5.5|0|1|5.5|0|0|0|0|0|0|0|0|0|0|0|0|0|0|0|0|13
664|1|"WALACE -"|"UDINESE"|1|2|0|0.0|0|0|0.0|0|0|0|0|0|0|0|0|0|0|0|0|0|0|0|0|7
665|1|"LERIS Mehdi"|"SAMPDORIA"|1|2|1|6.0|0|1|6.0|0|0|0|0|0|0|0|0|0|0|0|0|0|0|0|0|5
666|1|"SEMA Ken"|"UDINESE"|1|2|0|0.0|0|0|0.0|0|0|0|0|0|0|0|0|0|0|0|0|0|0|0|0|7
667|1|"AMRABAT Sofyan"|"VERONA"|1|2|1|6.0|0|1|6.0|0|0|0|0|0|0|0|0|0|0|0|0|0|0|0|0|5
668|1|"MEDEL Gary"|"BOLOGNA"|1|2|0|0.0|0|0|0.0|0|0|0|0|0|0|0|0|0|0|0|0|0|0|0|0|6
700|1|"BARAYE Yves"|"PARMA"|0|3|0|0.0|0|0|0.0|0|0|0|0|0|0|0|0|0|0|0|0|0|0|0|0|3
701|1|"BERARDI Domenico"|"SASSUOLO"|1|3|0|0.0|0|0|0.0|0|0|0|0|0|0|0|0|0|0|0|0|0|0|0|0|20
702|1|"BERENGUER Alex"|"TORINO"|1|2|0|0.0|0|0|0.0|0|0|0|0|0|0|0|0|0|0|0|0|0|0|0|0|13
703|1|"BERNARDESCHI Federico"|"JUVENTUS"|1|2|0|0.0|0|0|0.0|0|0|0|0|0|1|0|0|0|0|0|0|0|0|0|0|19
704|1|"BESSA Daniel"|"VERONA"|1|2|0|0.0|0|0|0.0|0|0|0|0|0|0|0|0|0|0|0|0|0|0|0|0|10
705|1|"BIRSA Valter"|"CAGLIARI"|1|2|1|5.0|0|1|5.0|0|0|0|0|0|0|0|0|0|0|0|0|0|0|0|0|11
706|1|"BOATENG Kevin-Prince"|"FIORENTINA"|1|3|1|9.5|0|1|7.0|1|0|0|0|0|1|0|0|0|0|0|0|0|0|0|0|21
707|1|"BOBBY Adekanye"|"LAZIO"|1|3|0|0.0|0|0|0.0|0|0|0|0|0|0|0|0|0|0|0|0|0|0|0|0|1
708|1|"BOGA Jeremie"|"SASSUOLO"|1|3|1|6.0|0|1|6.0|0|0|0|0|0|0|0|0|0|0|0|0|0|0|0|0|13
709|1|"BONAZZOLI Federico"|"SAMPDORIA"|1|3|0|0.0|0|0|0.0|0|0|0|0|0|0|0|0|0|0|0|0|0|0|0|0|7
710|1|"BORINI Fabio"|"MILAN"|1|2|1|4.5|0|1|5.0|0|0|0|0|0|1|0|0|0|0|0|0|0|0|0|0|7
711|1|"BRIGNOLA Enrico"|"SASSUOLO"|1|3|0|0.0|0|0|0.0|0|0|0|0|0|0|0|0|0|0|0|0|0|0|0|0|7
712|1|"CALLEJON Jose Maria"|"NAPOLI"|1|2|1|11.5|0|1|7.0|1|0|0|0|1|1|0|0|0|0|0|0|0|0|0|0|25
713|1|"CAPRARI Gianluca"|"SAMPDORIA"|1|3|1|4.5|0|1|4.5|0|0|0|0|0|0|0|0|0|0|0|0|0|0|0|0|12
714|1|"CASTILLEJO Samu"|"MILAN"|1|2|1|5.0|0|1|5.0|0|0|0|0|0|0|0|0|0|0|0|0|0|0|0|0|12
715|1|"CHIESA Federico"|"FIORENTINA"|1|2|1|6.0|0|1|6.0|0|0|0|0|0|0|0|0|0|0|0|0|0|0|0|0|25
716|1|"CORREA Carlos Joaquin"|"LAZIO"|1|3|1|10.0|0|1|7.0|1|0|0|0|0|0|0|0|0|0|0|0|0|0|0|0|23
717|1|"DE PAUL Rodrigo"|"UDINESE"|1|2|1|7.5|0|1|6.5|0|0|0|0|1|0|0|0|0|0|0|0|0|0|0|0|21
718|1|"DESPODOV Kiril"|"CAGLIARI"|1|3|0|0.0|0|0|0.0|0|0|0|0|0|0|0|0|0|0|0|0|0|0|0|0|6
719|1|"DI FRANCESCO Federico"|"SPAL"|1|3|1|9.5|0|1|6.5|1|0|0|0|0|0|0|0|0|0|0|0|0|0|0|0|15
720|1|"DI GAUDIO Antonio"|"VERONA"|1|3|0|0.0|0|0|0.0|0|0|0|0|0|0|0|0|0|0|0|0|0|0|0|0|7
721|1|"DJURICIC Filip"|"SASSUOLO"|1|2|0|0.0|0|0|0.0|0|0|0|0|0|0|0|0|0|0|0|0|0|0|0|0|8
722|1|"DOUGLAS COSTA de Souza"|"JUVENTUS"|1|2|1|6.5|0|1|6.5|0|0|0|0|0|0|0|0|0|0|0|0|0|0|0|0|18
723|1|"DYBALA Paulo"|"JUVENTUS"|1|3|0|0.0|0|0|0.0|0|0|0|0|0|0|0|0|0|0|0|0|0|0|0|0|30
724|1|"EDERA Simone"|"TORINO"|1|3|0|0.0|0|0|0.0|0|0|0|0|0|0|0|0|0|0|0|0|0|0|0|0|5
725|1|"EYSSERIC Valentin"|"FIORENTINA"|1|2|0|0.0|0|0|0.0|0|0|0|0|0|0|0|0|0|0|0|0|0|0|0|0|6
726|1|"FALCO Filippo"|"LECCE"|1|3|1|7.0|0|1|7.0|0|0|0|0|0|0|0|0|0|0|0|0|0|0|0|0|11
727|1|"FALLETTI Cesar"|"BOLOGNA"|0|3|0|0.0|0|0|0.0|0|0|0|0|0|0|0|0|0|0|0|0|0|0|0|0|6
728|1|"GABBIADINI Manolo"|"SAMPDORIA"|1|3|1|6.5|0|1|6.5|0|0|0|0|0|0|0|0|0|0|0|0|0|0|0|0|14
729|1|"GAETANO Gianluca"|"NAPOLI"|1|2|0|0.0|0|0|0.0|0|0|0|0|0|0|0|0|0|0|0|0|0|0|0|0|1
730|1|"GERVINHO "|"PARMA"|1|3|1|5.5|0|1|5.5|0|0|0|0|0|0|0|0|0|0|0|0|0|0|0|0|27
731|1|"GOMEZ Alejandro"|"ATALANTA"|1|2|1|6.0|0|1|6.0|0|0|0|0|0|0|0|0|0|0|0|0|0|0|0|0|27
732|1|"HAYE Thom"|"LECCE"|1|2|0|0.0|0|0|0.0|0|0|0|0|0|0|0|0|0|0|0|0|0|0|0|0|4
733|1|"IAGO Falque"|"TORINO"|1|3|0|0.0|0|0|0.0|0|0|0|0|0|0|0|0|0|0|0|0|0|0|0|0|25
734|1|"ILICIC Josip"|"ATALANTA"|1|3|0|0.0|0|0|0.0|0|0|0|0|0|0|0|0|0|0|0|0|0|0|0|0|32
735|1|"INSIGNE Lorenzo"|"NAPOLI"|1|3|1|14.0|0|1|7.0|2|0|0|0|1|0|0|0|0|0|0|0|0|0|0|0|34
736|1|"JANKOVIC Marko"|"SPAL"|1|3|0|0.0|0|0|0.0|0|0|0|0|0|0|0|0|0|0|0|0|0|0|0|0|5
737|1|"JOAO PEDRO Geraldino Galvao"|"CAGLIARI"|1|3|1|6.0|0|1|6.0|0|0|0|0|0|0|0|0|0|0|0|0|0|0|0|0|18
738|1|"KARAMOH Yann"|"PARMA"|1|3|1|6.0|0|1|6.0|0|0|0|0|0|0|0|0|0|0|0|0|0|0|0|0|12
739|1|"KLUIVERT Justin"|"ROMA"|1|2|1|5.0|0|1|5.0|0|0|0|0|0|0|0|0|0|0|0|0|0|0|0|0|15
740|1|"LEE Seung-Woo"|"VERONA"|0|3|0|0.0|0|0|0.0|0|0|0|0|0|0|0|0|0|0|0|0|0|0|0|0|4
741|1|"LUIS ALBERTO Romero Alconchel"|"LAZIO"|1|2|1|9.5|0|1|7.5|0|0|0|0|2|0|0|0|0|0|0|0|0|0|0|0|24
742|1|"MANCOSU Marco"|"LECCE"|1|2|1|5.5|0|1|5.5|0|0|0|0|0|0|0|0|0|0|0|0|0|0|0|0|13
743|1|"MARONI Gonzalo"|"SAMPDORIA"|1|2|0|0.0|0|0|0.0|0|0|0|0|0|0|0|0|0|0|0|0|0|0|0|0|9
744|1|"MATOS Ryder Santos"|"UDINESE"|0|3|0|0.0|0|0|0.0|0|0|0|0|0|0|0|0|0|0|0|0|0|0|0|0|6
745|1|"MICIN Petar"|"UDINESE"|1|2|0|0.0|0|0|0.0|0|0|0|0|0|0|0|0|0|0|0|0|0|0|0|0|2
746|1|"MONTIEL Cristobal"|"FIORENTINA"|1|2|0|0.0|0|0|0.0|0|0|0|0|0|0|0|0|0|0|0|0|0|0|0|0|1
747|1|"MOROSINI Leonardo"|"BRESCIA"|1|3|0|0.0|0|0|0.0|0|0|0|0|0|0|0|0|0|0|0|0|0|0|0|0|7
748|1|"ORSOLINI Riccardo"|"BOLOGNA"|1|3|1|6.0|0|1|6.0|0|0|0|0|0|0|0|0|0|0|0|0|0|0|0|0|22
749|1|"OUNAS Adam"|"NAPOLI"|0|3|0|0.0|0|0|0.0|0|0|0|0|0|0|0|0|0|0|0|0|0|0|0|0|10
750|1|"PANDEV Goran"|"GENOA"|1|2|0|0.0|0|0|0.0|0|0|0|0|0|0|0|0|0|0|0|0|0|0|0|0|12
751|1|"PARIGINI Vittorio"|"TORINO"|1|3|0|0.0|0|0|0.0|0|0|0|0|0|0|0|0|0|0|0|0|0|0|0|0|5
752|1|"PASALIC Mario"|"ATALANTA"|1|2|1|6.0|0|1|6.0|0|0|0|0|0|0|0|0|0|0|0|0|0|0|0|0|17
753|1|"PASTORE Javier"|"ROMA"|1|2|1|5.5|0|1|5.5|0|0|0|0|0|0|0|0|0|0|0|0|0|0|0|0|13
754|1|"PEROTTI Diego"|"ROMA"|1|2|0|0.0|0|0|0.0|0|0|0|0|0|0|0|0|0|0|0|0|0|0|0|0|17
755|1|"PIERINI Nicholas"|"SASSUOLO"|0|3|0|0.0|0|0|0.0|0|0|0|0|0|0|0|0|0|0|0|0|0|0|0|0|5
756|1|"PJACA Marko"|"JUVENTUS"|1|3|0|0.0|0|0|0.0|0|0|0|0|0|0|0|0|0|0|0|0|0|0|0|0|8
757|1|"POLITANO Matteo"|"INTER"|1|3|1|6.0|0|1|6.0|0|0|0|0|0|0|0|0|0|0|0|0|0|0|0|0|19
758|1|"PUSSETTO Ignacio"|"UDINESE"|1|3|1|6.0|0|1|6.0|0|0|0|0|0|0|0|0|0|0|0|0|0|0|0|0|12
759|1|"RAGUSA Antonino"|"VERONA"|1|3|0|0.0|0|0|0.0|0|0|0|0|0|0|0|0|0|0|0|0|0|0|0|0|5
760|1|"RAMIREZ Gastón"|"SAMPDORIA"|1|2|0|0.0|0|0|0.0|0|0|0|0|0|0|0|0|0|0|0|0|0|0|0|0|15
761|1|"RAMSEY Aaron"|"JUVENTUS"|1|2|0|0.0|0|0|0.0|0|0|0|0|0|0|0|0|0|0|0|0|0|0|0|0|23
762|1|"SANSONE Nicola"|"BOLOGNA"|1|3|1|9.0|0|1|6.0|1|0|0|0|0|0|0|0|0|0|0|0|0|0|0|0|16
763|1|"SAPONARA Riccardo"|"GENOA"|1|2|0|0.0|0|0|0.0|0|0|0|0|0|0|0|0|0|0|0|0|0|0|0|0|13
764|1|"SILIGARDI Luca"|"PARMA"|1|3|1|5.5|0|1|5.5|0|0|0|0|0|0|0|0|0|0|0|0|0|0|0|0|5
765|1|"SORIANO Roberto"|"BOLOGNA"|1|2|1|5.5|0|1|5.5|0|0|0|0|0|0|0|0|0|0|0|0|0|0|0|0|13
766|1|"SOTTIL Riccardo"|"FIORENTINA"|1|3|1|7.0|0|1|7.0|0|0|0|0|0|0|0|0|0|0|0|0|0|0|0|0|4
767|1|"SPALEK Nikolas"|"BRESCIA"|1|2|1|6.0|0|1|6.0|0|0|0|0|0|0|0|0|0|0|0|0|0|0|0|0|9
768|1|"SPROCATI Mattia"|"PARMA"|1|3|0|0.0|0|0|0.0|0|0|0|0|0|0|0|0|0|0|0|0|0|0|0|0|6
769|1|"SUSO Jesus Fernandez Saez"|"MILAN"|1|2|1|5.0|0|1|5.0|0|0|0|0|0|0|0|0|0|0|0|0|0|0|0|0|20
770|1|"TRAORE Abdoulaye"|"VERONA"|1|3|0|0.0|0|0|0.0|0|0|0|0|0|0|0|0|0|0|0|0|0|0|0|0|1
771|1|"TREMOLADA Luca"|"BRESCIA"|1|2|0|0.0|0|0|0.0|0|0|0|0|0|0|0|0|0|0|0|0|0|0|0|0|5
772|1|"VERDI Simone"|"NAPOLI"|1|2|0|0.0|0|0|0.0|0|0|0|0|0|0|0|0|0|0|0|0|0|0|0|0|12
773|1|"YOUNES Amin"|"NAPOLI"|1|2|0|0.0|0|0|0.0|0|0|0|0|0|0|0|0|0|0|0|0|0|0|0|0|13
774|1|"ZANIOLO Nicolò"|"ROMA"|1|2|1|6.0|0|1|6.0|0|0|0|0|0|0|0|0|0|0|0|0|0|0|0|0|21
775|1|"ÜNDER Cengiz"|"ROMA"|1|2|1|10.5|0|1|6.5|1|0|0|0|0|0|0|0|0|0|0|0|0|0|0|0|24
776|1|"BAEZ Jaime"|"FIORENTINA"|0|3|0|0.0|0|0|0.0|0|0|0|0|0|0|0|0|0|0|0|0|0|0|0|0|4
777|1|"ANTONUCCI Mirko"|"ROMA"|1|3|0|0.0|0|0|0.0|0|0|0|0|0|0|0|0|0|0|0|0|0|0|0|0|2
778|1|"GUMUS Sinan"|"GENOA"|1|3|0|0.0|0|0|0.0|0|0|0|0|0|0|0|0|0|0|0|0|0|0|0|0|11
779|1|"JUWARA Musa"|"BOLOGNA"|1|3|0|0.0|0|0|0.0|0|0|0|0|0|0|0|0|0|0|0|0|0|0|0|0|1
780|1|"TUTINO Gennaro"|"VERONA"|1|3|1|6.5|0|1|6.5|0|0|0|0|0|0|0|0|0|0|0|0|0|0|0|0|12
781|1|"ANDERSON Andre"|"LAZIO"|1|2|0|0.0|0|0|0.0|0|0|0|0|0|0|0|0|0|0|0|0|0|0|0|0|2
782|1|"SKOV OLSEN Andreas"|"BOLOGNA"|1|3|0|0.0|0|0|0.0|0|0|0|0|0|0|0|0|0|0|0|0|0|0|0|0|11
783|1|"LO FASO Simone"|"LECCE"|1|3|0|0.0|0|0|0.0|0|0|0|0|0|0|0|0|0|0|0|0|0|0|0|0|3
784|1|"MALLÉ Aly"|"UDINESE"|1|3|0|0.0|0|0|0.0|0|0|0|0|0|0|0|0|0|0|0|0|0|0|0|0|3
785|1|"KOLAJ Aristidi"|"SASSUOLO"|1|3|0|0.0|0|0|0.0|0|0|0|0|0|0|0|0|0|0|0|0|0|0|0|0|1
786|1|"LOZANO Hirving"|"NAPOLI"|1|3|0|0.0|0|0|0.0|0|0|0|0|0|0|0|0|0|0|0|0|0|0|0|0|27
787|1|"RIBERY Franck"|"FIORENTINA"|1|2|0|0.0|0|0|0.0|0|0|0|0|0|0|0|0|0|0|0|0|0|0|0|0|22
788|1|"JOCIC Bogdan"|"VERONA"|1|2|0|0.0|0|0|0.0|0|0|0|0|0|0|0|0|0|0|0|0|0|0|0|0|2
900|1|"ADORANTE Andrea"|"PARMA"|1|3|0|0.0|0|0|0.0|0|0|0|0|0|0|0|0|0|0|0|0|0|0|0|0|1
901|1|"ANDRÉ SILVA Miguel Valente"|"MILAN"|1|3|0|0.0|0|0|0.0|0|0|0|0|0|0|0|0|0|0|0|0|0|0|0|0|18
902|1|"AYE Florian"|"BRESCIA"|1|3|1|5.5|0|1|6.0|0|0|0|0|0|1|0|0|0|0|0|0|0|0|0|0|13
903|1|"BARROW Musa"|"ATALANTA"|1|3|0|0.0|0|0|0.0|0|0|0|0|0|0|0|0|0|0|0|0|0|0|0|0|10
904|1|"BELOTTI Andrea"|"TORINO"|1|3|1|9.5|0|1|6.5|1|0|0|0|0|0|0|0|0|0|0|0|0|0|0|0|32
905|1|"CAICEDO Felipe"|"LAZIO"|1|3|0|0.0|0|0|0.0|0|0|0|0|0|0|0|0|0|0|0|0|0|0|0|0|16
906|1|"CERAVOLO Fabio"|"PARMA"|1|3|0|0.0|0|0|0.0|0|0|0|0|0|0|0|0|0|0|0|0|0|0|0|0|7
907|1|"CERRI Alberto"|"CAGLIARI"|1|3|1|6.0|0|1|6.0|0|0|0|0|0|0|0|0|0|0|0|0|0|0|0|0|8
908|1|"COLIDIO Facundo"|"INTER"|0|3|0|0.0|0|0|0.0|0|0|0|0|0|0|0|0|0|0|0|0|0|0|0|0|1
909|1|"CORNELIUS Andreas"|"PARMA"|1|3|0|0.0|0|0|0.0|0|0|0|0|0|0|0|0|0|0|0|0|0|0|0|0|10
910|1|"CUTRONE Patrick"|"MILAN"|0|3|0|0.0|0|0|0.0|0|0|0|0|0|0|0|0|0|0|0|0|0|0|0|0|15
911|1|"DEFREL Gregoire"|"SASSUOLO"|1|3|0|0.0|0|0|0.0|0|0|0|0|0|0|0|0|0|0|0|0|0|0|0|0|20
912|1|"DESTRO Mattia"|"BOLOGNA"|1|3|1|5.0|0|1|5.5|0|0|0|0|0|1|0|0|0|0|0|0|0|0|0|0|13
913|1|"DI CARMINE Samuel"|"VERONA"|1|3|0|0.0|0|0|0.0|0|0|0|0|0|0|0|0|0|0|0|0|0|0|0|0|13
914|1|"DONNARUMMA Alfredo"|"BRESCIA"|1|3|1|9.5|0|1|6.5|1|0|0|0|0|0|0|0|0|0|0|0|0|0|0|0|21
915|1|"DZEKO Edin"|"ROMA"|1|3|1|10.0|0|1|7.0|1|0|0|0|0|0|0|0|0|0|0|0|0|0|0|0|28
916|1|"ESPOSITO Sebastiano"|"INTER"|1|3|0|0.0|0|0|0.0|0|0|0|0|0|0|0|0|0|0|0|0|0|0|0|0|1
917|1|"FALCINELLI Diego"|"BOLOGNA"|1|3|0|0.0|0|0|0.0|0|0|0|0|0|0|0|0|0|0|0|0|0|0|0|0|7
918|1|"FARIAS Diego"|"LECCE"|1|3|1|3.0|0|1|4.0|0|0|0|0|0|0|1|0|0|0|0|0|0|0|0|0|13
919|1|"FAVILLI Andrea"|"GENOA"|1|3|0|0.0|0|0|0.0|0|0|0|0|0|0|0|0|0|0|0|0|0|0|0|0|8
920|1|"FLOCCARI Sergio"|"SPAL"|1|3|0|0.0|0|0|0.0|0|0|0|0|0|0|0|0|0|0|0|0|0|0|0|0|11
921|1|"HAN Kwang Song"|"CAGLIARI"|1|3|0|0.0|0|0|0.0|0|0|0|0|0|0|0|0|0|0|0|0|0|0|0|0|11
922|1|"HIGUAIN Gonzalo"|"JUVENTUS"|1|3|1|5.5|0|1|5.5|0|0|0|0|0|0|0|0|0|0|0|0|0|0|0|0|26
923|1|"ICARDI Mauro"|"INTER"|1|3|0|0.0|0|0|0.0|0|0|0|0|0|0|0|0|0|0|0|0|0|0|0|0|25
924|1|"IMMOBILE Ciro"|"LAZIO"|1|3|1|13.5|0|1|7.5|2|0|0|0|0|0|0|0|0|0|0|0|0|0|0|0|39
925|1|"INGLESE Roberto"|"PARMA"|1|3|1|5.5|0|1|5.5|0|0|0|0|0|0|0|0|0|0|0|0|0|0|0|0|20
926|1|"KEAN Moise"|"JUVENTUS"|0|3|0|0.0|0|0|0.0|0|0|0|0|0|0|0|0|0|0|0|0|0|0|0|0|14
927|1|"KOUAMÉ Christian"|"GENOA"|1|3|1|9.5|0|1|6.5|1|0|0|0|0|0|0|0|0|0|0|0|0|0|0|0|16
928|1|"LA MANTIA Andrea"|"LECCE"|1|3|1|5.0|0|1|5.0|0|0|0|0|0|0|0|0|0|0|0|0|0|0|0|0|13
929|1|"LAPADULA Gianluca"|"LECCE"|1|3|1|4.5|0|1|5.0|0|0|0|0|0|1|0|0|0|0|0|0|0|0|0|0|12
930|1|"LASAGNA Kevin"|"UDINESE"|1|3|1|6.0|0|1|6.0|0|0|0|0|0|0|0|0|0|0|0|0|0|0|0|0|15
931|1|"LONGO Samuele"|"INTER"|0|3|0|0.0|0|0|0.0|0|0|0|0|0|0|0|0|0|0|0|0|0|0|0|0|3
932|1|"MANDZUKIC Mario"|"JUVENTUS"|1|3|0|0.0|0|0|0.0|0|0|0|0|0|0|0|0|0|0|0|0|0|0|0|0|20
933|1|"MARTINEZ Lautaro"|"INTER"|1|3|1|5.5|0|1|6.0|0|0|0|0|0|1|0|0|0|0|0|0|0|0|0|0|27
934|1|"MATRI Alessandro"|"SASSUOLO"|1|3|0|0.0|0|0|0.0|0|0|0|0|0|0|0|0|0|0|0|0|0|0|0|0|7
935|1|"MERTENS Dries"|"NAPOLI"|1|3|1|10.0|0|1|7.0|1|0|0|0|0|0|0|0|0|0|0|0|0|0|0|0|33
936|1|"MILIK Arkadiusz"|"NAPOLI"|1|3|0|0.0|0|0|0.0|0|0|0|0|0|0|0|0|0|0|0|0|0|0|0|0|33
937|1|"MILLICO Vincenzo"|"TORINO"|1|3|0|0.0|0|0|0.0|0|0|0|0|0|0|0|0|0|0|0|0|0|0|0|0|2
938|1|"MURIEL Luis"|"ATALANTA"|1|3|1|14.0|0|1|8.0|2|0|0|0|0|0|0|0|0|0|0|0|0|0|0|0|22
939|1|"PALACIO Rodrigo"|"BOLOGNA"|1|3|1|5.5|0|1|5.5|0|0|0|0|0|0|0|0|0|0|0|0|0|0|0|0|16
940|1|"PALOSCHI Alberto"|"SPAL"|1|3|0|0.0|0|0|0.0|0|0|0|0|0|0|0|0|0|0|0|0|0|0|0|0|9
941|1|"PAVOLETTI Leonardo"|"CAGLIARI"|1|3|1|5.0|0|1|5.0|0|0|0|0|0|0|0|0|0|0|0|0|0|0|0|0|25
942|1|"PAZZINI Giampaolo"|"VERONA"|1|3|0|0.0|0|0|0.0|0|0|0|0|0|0|0|0|0|0|0|0|0|0|0|0|12
943|1|"PERICA Stipe"|"UDINESE"|0|3|0|0.0|0|0|0.0|0|0|0|0|0|0|0|0|0|0|0|0|0|0|0|0|7
944|1|"PETAGNA Andrea"|"SPAL"|1|3|1|11.0|0|1|7.0|1|0|0|0|1|0|0|0|0|0|0|0|0|0|0|0|24
945|1|"PIATEK Krzysztof"|"MILAN"|1|3|1|4.0|0|1|4.0|0|0|0|0|0|0|0|0|0|0|0|0|0|0|0|0|35
946|1|"PICCOLI Roberto"|"ATALANTA"|1|3|0|0.0|0|0|0.0|0|0|0|0|0|0|0|0|0|0|0|0|0|0|0|0|3
947|1|"PINAMONTI Andrea"|"GENOA"|1|3|1|10.0|0|1|7.0|1|0|0|0|0|0|0|0|0|0|0|0|0|0|0|0|18
948|1|"QUAGLIARELLA Fabio"|"SAMPDORIA"|1|3|1|5.0|0|1|5.0|0|0|0|0|0|0|0|0|0|0|0|0|0|0|0|0|35
949|1|"RAGATZU Daniele"|"CAGLIARI"|1|3|0|0.0|0|0|0.0|0|0|0|0|0|0|0|0|0|0|0|0|0|0|0|0|3
950|1|"RASPADORI Giacomo"|"SASSUOLO"|1|3|1|6.0|0|1|6.0|0|0|0|0|0|0|0|0|0|0|0|0|0|0|0|0|1
951|1|"RONALDO Cristiano"|"JUVENTUS"|1|3|1|7.0|0|1|7.0|0|0|0|0|0|0|0|0|0|0|0|0|0|0|0|0|49
952|1|"SANABRIA Antonio"|"GENOA"|1|3|0|0.0|0|0|0.0|0|0|0|0|0|0|0|0|0|0|0|0|0|0|0|0|13
953|1|"SANTANDER Federico"|"BOLOGNA"|1|3|1|6.0|0|1|6.0|0|0|0|0|0|0|0|0|0|0|0|0|0|0|0|0|15
954|1|"SCHICK Patrik"|"ROMA"|1|3|0|0.0|0|0|0.0|0|0|0|0|0|0|0|0|0|0|0|0|0|0|0|0|15
955|1|"SIMEONE Giovanni"|"CAGLIARI"|1|3|0|0.0|0|0|0.0|0|0|0|0|0|0|0|0|0|0|0|0|0|0|0|0|18
956|1|"TEODORCZYK Lukasz"|"UDINESE"|1|3|0|0.0|0|0|0.0|0|0|0|0|0|0|0|0|0|0|0|0|0|0|0|0|10
957|1|"THEREAU Cyril"|"FIORENTINA"|1|3|0|0.0|0|0|0.0|0|0|0|0|0|0|0|0|0|0|0|0|0|0|0|0|9
958|1|"TORREGROSSA Ernesto"|"BRESCIA"|1|3|0|0.0|0|0|0.0|0|0|0|0|0|0|0|0|0|0|0|0|0|0|0|0|12
959|1|"TUPTA Lubomir"|"VERONA"|1|3|0|0.0|0|0|0.0|0|0|0|0|0|0|0|0|0|0|0|0|0|0|0|0|2
960|1|"VINICIUS Morais"|"NAPOLI"|0|3|0|0.0|0|0|0.0|0|0|0|0|0|0|0|0|0|0|0|0|0|0|0|0|5
961|1|"VLAHOVIC Dusan"|"FIORENTINA"|1|3|1|5.0|0|1|5.0|0|0|0|0|0|0|0|0|0|0|0|0|0|0|0|0|4
962|1|"ZAPATA Duvan"|"ATALANTA"|1|3|1|6.5|0|1|6.5|0|0|0|0|0|0|0|0|0|0|0|0|0|0|0|0|34
963|1|"ZAZA Simone"|"TORINO"|1|3|1|9.5|0|1|7.0|1|0|0|0|0|1|0|0|0|0|0|0|0|0|0|0|15
964|1|"MONCINI Gabriele"|"SPAL"|1|3|0|0.0|0|0|0.0|0|0|0|0|0|0|0|0|0|0|0|0|0|0|0|0|13
965|1|"CAPUTO Francesco"|"SASSUOLO"|1|3|1|9.0|0|1|6.0|1|0|0|0|0|0|0|0|0|0|0|0|0|0|0|0|25
966|1|"PUSCAS George"|"INTER"|0|3|0|0.0|0|0|0.0|0|0|0|0|0|0|0|0|0|0|0|0|0|0|0|0|8
967|1|"GONZALEZ Cristo"|"UDINESE"|0|3|0|0.0|0|0|0.0|0|0|0|0|0|0|0|0|0|0|0|0|0|0|0|0|6
968|1|"BRUNORI SANDRI Matteo"|"PARMA"|0|3|0|0.0|0|0|0.0|0|0|0|0|0|0|0|0|0|0|0|0|0|0|0|0|2
969|1|"BABACAR Khouma El"|"SASSUOLO"|1|3|0|0.0|0|0|0.0|0|0|0|0|0|0|0|0|0|0|0|0|0|0|0|0|11
970|1|"NESTOROVSKI Ilija"|"UDINESE"|1|3|1|6.0|0|1|6.0|0|0|0|0|0|0|0|0|0|0|0|0|0|0|0|0|18
971|1|"LEAO Rafael"|"MILAN"|1|3|0|0.0|0|0|0.0|0|0|0|0|0|0|0|0|0|0|0|0|0|0|0|0|20
972|1|"LUKAKU Romelu"|"INTER"|1|3|1|10.0|0|1|7.0|1|0|0|0|0|0|0|0|0|0|0|0|0|0|0|0|35
973|1|"STUPAREVIC Filip"|"UDINESE"|0|3|0|0.0|0|0|0.0|0|0|0|0|0|0|0|0|0|0|0|0|0|0|0|0|5
974|1|"DUBICKAS Edgaras"|"LECCE"|1|3|0|0.0|0|0|0.0|0|0|0|0|0|0|0|0|0|0|0|0|0|0|0|0|1
975|1|"BALOTELLI Mario"|"BRESCIA"|1|3|0|0.0|0|0|0.0|0|0|0|0|0|0|0|0|0|0|0|0|0|0|0|0|25
976|1|"SANCHEZ Alexis"|"INTER"|1|3|0|0.0|0|0|0.0|0|0|0|0|0|0|0|0|0|0|0|0|0|0|0|0|26
977|1|"SALCEDO Eddie"|"VERONA"|1|3|0|0.0|0|0|0.0|0|0|0|0|0|0|0|0|0|0|0|0|0|0|0|0|2
