100|18|"ARESTI Simone"|"CAGLIARI"|1|0|0|0.0|0|0|0.0|0|0|0|0|0|0|0|0|0|0|0|0|0|0|0|0|1
101|18|"AUDERO Emil"|"SAMPDORIA"|1|0|1|6.0|0|1|6.0|0|0|0|0|0|0|0|0|0|0|0|0|0|0|0|0|16
102|18|"BARDI Francesco"|"FROSINONE"|1|0|0|0.0|0|0|0.0|0|0|0|0|0|0|0|0|0|0|0|0|0|0|0|0|1
103|18|"BELEC Vid"|"SAMPDORIA"|1|0|0|0.0|0|0|0.0|0|0|0|0|0|0|0|0|0|0|0|0|0|0|0|0|1
104|18|"BERISHA Etrit"|"ATALANTA"|1|0|1|4.5|0|1|6.5|0|2|0|0|0|0|0|0|0|0|0|0|0|0|0|0|15
105|18|"BERNI Tommaso"|"INTER"|1|0|0|0.0|0|0|0.0|0|0|0|0|0|0|0|0|0|0|0|0|0|0|0|0|1
106|18|"CONSIGLI Andrea"|"SASSUOLO"|1|0|1|3.5|0|1|6.5|0|3|0|0|0|0|0|0|0|0|0|0|0|0|0|0|15
107|18|"CONTINI Nikita"|"NAPOLI"|0|0|0|0.0|0|0|0.0|0|0|0|0|0|0|0|0|0|0|0|0|0|0|0|0|1
108|18|"CRAGNO Alessio"|"CAGLIARI"|1|0|1|6.5|0|1|6.5|0|0|0|0|0|0|0|0|0|0|0|0|0|0|0|0|18
109|18|"DA COSTA Angelo"|"BOLOGNA"|1|0|0|0.0|0|0|0.0|0|0|0|0|0|0|0|0|0|0|0|0|0|0|0|0|1
110|18|"DAGA Riccardo"|"CAGLIARI"|1|0|0|0.0|0|0|0.0|0|0|0|0|0|0|0|0|0|0|0|0|0|0|0|0|1
111|18|"DINI Andrea"|"PARMA"|0|0|0|0.0|0|0|0.0|0|0|0|0|0|0|0|0|0|0|0|0|0|0|0|0|1
112|18|"DONNARUMMA Gianluigi"|"MILAN"|1|0|1|7.0|0|1|7.5|0|0|0|0|0|1|0|0|0|0|0|0|0|0|0|0|18
113|18|"DONNARUMMA Antonio"|"MILAN"|1|0|0|0.0|0|0|0.0|0|0|0|0|0|0|0|0|0|0|0|0|0|0|0|0|1
114|18|"DRAGOWSKI Bartlomiej"|"FIORENTINA"|1|0|0|0.0|0|0|0.0|0|0|0|0|0|0|0|0|0|0|0|0|0|0|0|0|3
115|18|"FALCONE Wladimiro"|"SAMPDORIA"|0|0|0|0.0|0|0|0.0|0|0|0|0|0|0|0|0|0|0|0|0|0|0|0|0|1
116|18|"FRATTALI Pierluigi"|"PARMA"|1|0|0|0.0|0|0|0.0|0|0|0|0|0|0|0|0|0|0|0|0|0|0|0|0|1
117|18|"FUZATO Daniel"|"ROMA"|1|0|0|0.0|0|0|0.0|0|0|0|0|0|0|0|0|0|0|0|0|0|0|0|0|1
118|18|"GASPARINI Manuel"|"UDINESE"|1|0|0|0.0|0|0|0.0|0|0|0|0|0|0|0|0|0|0|0|0|0|0|0|0|1
119|18|"GIACOMEL Alessandro"|"EMPOLI"|0|0|0|0.0|0|0|0.0|0|0|0|0|0|0|0|0|0|0|0|0|0|0|0|0|1
120|18|"GOLLINI Pierluigi"|"ATALANTA"|1|0|0|0.0|0|0|0.0|0|0|0|0|0|0|0|0|0|0|0|0|0|0|0|0|5
121|18|"GOMIS Alfred"|"SPAL"|1|0|1|6.0|0|1|6.0|0|0|0|0|0|0|0|0|0|0|0|0|0|0|0|0|12
122|18|"GUERRIERI Guido"|"LAZIO"|1|0|0|0.0|0|0|0.0|0|0|0|0|0|0|0|0|0|0|0|0|0|0|0|0|1
123|18|"HANDANOVIC Samir"|"INTER"|1|0|1|6.5|0|1|6.5|0|0|0|0|0|0|0|0|0|0|0|0|0|0|0|0|21
124|18|"ICHAZO Salvador"|"TORINO"|1|0|1|6.0|0|1|6.0|0|0|0|0|0|0|0|0|0|0|0|0|0|0|0|0|4
125|18|"KARNEZIS Orestis"|"NAPOLI"|1|0|0|0.0|0|0|0.0|0|0|0|0|0|0|0|0|0|0|0|0|0|0|0|0|10
126|18|"LAFONT Alban"|"FIORENTINA"|1|0|1|5.0|0|1|6.0|0|1|0|0|0|0|0|0|0|0|0|0|0|0|0|0|15
127|18|"MARCHETTI Federico"|"GENOA"|1|0|0|0.0|0|0|0.0|0|0|0|0|0|0|0|0|0|0|0|0|0|0|0|0|8
128|18|"MERET Alex"|"NAPOLI"|1|0|1|5.0|0|1|6.0|0|1|0|0|0|0|0|0|0|0|0|0|0|0|0|0|11
129|18|"MILINKOVIC Vanja"|"SPAL"|1|0|0|0.0|0|0|0.0|0|0|0|0|0|0|0|0|0|0|0|0|0|0|0|0|6
130|18|"MIRANTE Antonio"|"ROMA"|1|0|0|0.0|0|0|0.0|0|0|0|0|0|0|0|0|0|0|0|0|0|0|0|0|2
131|18|"MUSSO Juan"|"UDINESE"|1|0|1|6.0|0|1|6.0|0|0|0|0|0|0|0|0|0|0|0|0|0|0|0|0|12
132|18|"PADELLI Daniele"|"INTER"|1|0|0|0.0|0|0|0.0|0|0|0|0|0|0|0|0|0|0|0|0|0|0|0|0|1
133|18|"PAVONI Filippo"|"CHIEVO"|0|0|0|0.0|0|0|0.0|0|0|0|0|0|0|0|0|0|0|0|0|0|0|0|0|1
134|18|"PEGOLO Gianluca"|"SASSUOLO"|1|0|0|0.0|0|0|0.0|0|0|0|0|0|0|0|0|0|0|0|0|0|0|0|0|1
135|18|"PERIN Mattia"|"JUVENTUS"|1|0|0|0.0|0|0|0.0|0|0|0|0|0|0|0|0|0|0|0|0|0|0|0|0|6
136|18|"PINSOGLIO Carlo"|"JUVENTUS"|1|0|0|0.0|0|0|0.0|0|0|0|0|0|0|0|0|0|0|0|0|0|0|0|0|1
137|18|"PLIZZARI Alessandro"|"MILAN"|1|0|0|0.0|0|0|0.0|0|0|0|0|0|0|0|0|0|0|0|0|0|0|0|0|1
138|18|"POLUZZI Giacomo"|"SPAL"|1|0|0|0.0|0|0|0.0|0|0|0|0|0|0|0|0|0|0|0|0|0|0|0|0|1
139|18|"PROTO Silvio"|"LAZIO"|1|0|0|0.0|0|0|0.0|0|0|0|0|0|0|0|0|0|0|0|0|0|0|0|0|1
140|18|"PROVEDEL Ivan"|"EMPOLI"|1|0|1|3.0|0|1|6.0|0|3|0|0|0|0|0|0|0|0|0|0|0|0|0|0|4
141|18|"RADU Ionut"|"GENOA"|1|0|1|5.0|0|1|6.0|0|1|0|0|0|0|0|0|0|0|0|0|0|0|0|0|8
142|18|"RADUNOVIC Boris"|"ATALANTA"|0|0|0|0.0|0|0|0.0|0|0|0|0|0|0|0|0|0|0|0|0|0|0|0|0|1
143|18|"RAFAEL De Andrade Bittencourt"|"CAGLIARI"|1|0|0|0.0|0|0|0.0|0|0|0|0|0|0|0|0|0|0|0|0|0|0|0|0|1
144|18|"REINA Pepe"|"MILAN"|1|0|0|0.0|0|0|0.0|0|0|0|0|0|0|0|0|0|0|0|0|0|0|0|0|3
145|18|"ROSATI Antonio"|"TORINO"|1|0|0|0.0|0|0|0.0|0|0|0|0|0|0|0|0|0|0|0|0|0|0|0|0|1
146|18|"ROSSI Francesco"|"ATALANTA"|1|0|0|0.0|0|0|0.0|0|0|0|0|0|0|0|0|0|0|0|0|0|0|0|0|1
147|18|"SANTURRO Antonio"|"BOLOGNA"|1|0|0|0.0|0|0|0.0|0|0|0|0|0|0|0|0|0|0|0|0|0|0|0|0|1
148|18|"SATALINO Giacomo"|"SASSUOLO"|1|0|0|0.0|0|0|0.0|0|0|0|0|0|0|0|0|0|0|0|0|0|0|0|0|1
149|18|"SCUFFET Simone"|"UDINESE"|1|0|0|0.0|0|0|0.0|0|0|0|0|0|0|0|0|0|0|0|0|0|0|0|0|6
150|18|"SECULIN Andrea"|"CHIEVO"|1|0|0|0.0|0|0|0.0|0|0|0|0|0|0|0|0|0|0|0|0|0|0|0|0|2
151|18|"SEPE Luigi"|"PARMA"|1|0|1|6.5|0|1|6.5|0|0|0|0|0|0|0|0|0|0|0|0|0|0|0|0|16
152|18|"SIRIGU Salvatore"|"TORINO"|1|0|0|0.0|0|0|0.0|0|0|0|0|0|0|0|0|0|0|0|0|0|0|0|0|20
153|18|"SKORUPSKI Lukasz"|"BOLOGNA"|1|0|1|3.5|0|1|5.5|0|2|0|0|0|0|0|0|0|0|0|0|0|0|0|0|14
154|18|"SORRENTINO Stefano"|"CHIEVO"|1|0|1|4.0|0|1|6.0|0|2|0|0|0|0|0|0|0|0|0|0|0|0|0|0|16
155|18|"SPORTIELLO Marco"|"FROSINONE"|1|0|1|6.5|0|1|6.5|0|0|0|0|0|0|0|0|0|0|0|0|0|0|0|0|11
156|18|"STRAKOSHA Thomas"|"LAZIO"|1|0|1|6.5|0|1|6.5|0|0|0|0|0|0|0|0|0|0|0|0|0|0|0|0|17
157|18|"SZCZESNY Wojciech"|"JUVENTUS"|1|0|1|4.0|0|1|6.0|0|2|0|0|0|0|0|0|0|0|0|0|0|0|0|0|23
158|18|"TERRACCIANO Pietro"|"EMPOLI"|1|0|0|0.0|0|0|0.0|0|0|0|0|0|0|0|0|0|0|0|0|0|0|0|0|6
159|18|"TOZZO Andrea"|"SAMPDORIA"|0|0|0|0.0|0|0|0.0|0|0|0|0|0|0|0|0|0|0|0|0|0|0|0|0|1
160|18|"VIGORITO Mauro"|"FROSINONE"|0|0|0|0.0|0|0|0.0|0|0|0|0|0|0|0|0|0|0|0|0|0|0|0|0|1
161|18|"VODISEK Rok"|"GENOA"|1|0|0|0.0|0|0|0.0|0|0|0|0|0|0|0|0|0|0|0|0|0|0|0|0|1
162|18|"ZACCAGNO Andrea"|"TORINO"|0|0|0|0.0|0|0|0.0|0|0|0|0|0|0|0|0|0|0|0|0|0|0|0|0|1
163|18|"RAFAEL Cabral"|"SAMPDORIA"|1|0|0|0.0|0|0|0.0|0|0|0|0|0|0|0|0|0|0|0|0|0|0|0|0|1
164|18|"OLSEN Robin"|"ROMA"|1|0|1|5.0|0|1|6.0|0|1|0|0|0|0|0|0|0|0|0|0|0|0|0|0|17
165|18|"FULIGNATI Andrea"|"EMPOLI"|1|0|0|0.0|0|0|0.0|0|0|0|0|0|0|0|0|0|0|0|0|0|0|0|0|1
166|18|"NICOLAS Andrade"|"UDINESE"|1|0|0|0.0|0|0|0.0|0|0|0|0|0|0|0|0|0|0|0|0|0|0|0|0|1
167|18|"IACOBUCCI Alessandro"|"FROSINONE"|1|0|0|0.0|0|0|0.0|0|0|0|0|0|0|0|0|0|0|0|0|0|0|0|0|1
168|18|"SEMPER Adrian"|"CHIEVO"|1|0|0|0.0|0|0|0.0|0|0|0|0|0|0|0|0|0|0|0|0|0|0|0|0|1
169|18|"BAGHERIA Fabrizio"|"PARMA"|1|0|0|0.0|0|0|0.0|0|0|0|0|0|0|0|0|0|0|0|0|0|0|0|0|1
170|18|"OSPINA David"|"NAPOLI"|1|0|0|0.0|0|0|0.0|0|0|0|0|0|0|0|0|0|0|0|0|0|0|0|0|8
171|18|"GHIDOTTI Simone"|"FIORENTINA"|1|0|0|0.0|0|0|0.0|0|0|0|0|0|0|0|0|0|0|0|0|0|0|0|0|1
200|18|"ABATE Ignazio"|"MILAN"|1|1|0|0.0|0|0|0.0|0|0|0|0|0|0|0|0|0|0|0|0|0|0|0|0|6
201|18|"ACERBI Francesco"|"LAZIO"|1|1|1|6.5|0|1|6.5|0|0|0|0|0|0|0|0|0|0|0|0|0|0|0|0|20
202|18|"ADJAPONG Claud"|"SASSUOLO"|1|1|0|0.0|0|0|0.0|0|0|0|0|0|0|0|0|0|0|0|0|0|0|0|0|6
203|18|"ADNAN Ali Kadhim"|"ATALANTA"|1|1|0|0.0|0|0|0.0|0|0|0|0|0|0|0|0|0|0|0|0|0|0|0|0|4
204|18|"ALBIOL Raúl"|"NAPOLI"|1|1|1|5.0|0|1|5.5|0|0|0|0|0|1|0|0|0|0|0|0|0|0|0|0|15
205|18|"ALEX SANDRO Lobo Silva"|"JUVENTUS"|1|1|1|6.0|0|1|6.0|0|0|0|0|0|0|0|0|0|0|0|0|0|0|0|0|20
206|18|"ALVES Bruno"|"PARMA"|1|1|0|0.0|0|0|0.0|0|0|0|0|0|0|0|0|0|0|0|0|0|0|0|0|13
207|18|"ANDERSEN Joachim"|"SAMPDORIA"|1|1|1|6.0|0|1|6.5|0|0|0|0|0|1|0|0|0|0|0|0|0|0|0|0|9
208|18|"ANDREOLLI Marco"|"CAGLIARI"|1|1|0|0.0|0|0|0.0|0|0|0|0|0|0|0|0|0|0|0|0|0|0|0|0|4
209|18|"ANGELLA Gabriele"|"UDINESE"|0|1|0|0.0|0|0|0.0|0|0|0|0|0|0|0|0|0|0|0|0|0|0|0|0|3
210|18|"ANSALDI Cristian"|"TORINO"|1|1|0|0.0|0|0|0.0|0|0|0|0|0|0|0|0|0|0|0|0|0|0|0|0|10
211|18|"ANTONELLI Luca"|"EMPOLI"|1|1|1|5.5|0|1|5.5|0|0|0|0|0|0|0|0|0|0|0|0|0|0|0|0|6
212|18|"ARIAUDO Lorenzo"|"FROSINONE"|1|1|1|6.5|0|1|6.5|0|0|0|0|0|0|0|0|0|0|0|0|0|0|0|0|5
213|18|"ASAMOAH Kwadwo"|"INTER"|1|1|1|6.5|0|1|6.5|0|0|0|0|0|0|0|0|0|0|0|0|0|0|0|0|9
214|18|"BANI Mattia"|"CHIEVO"|1|1|1|5.5|0|1|5.5|0|0|0|0|0|0|0|0|0|0|0|0|0|0|0|0|6
215|18|"BARZAGLI Andrea"|"JUVENTUS"|1|1|0|0.0|0|0|0.0|0|0|0|0|0|0|0|0|0|0|0|0|0|0|0|0|5
216|18|"BASTA Dusan"|"LAZIO"|1|1|0|0.0|0|0|0.0|0|0|0|0|0|0|0|0|0|0|0|0|0|0|0|0|4
217|18|"BASTONI Alessandro"|"PARMA"|1|1|1|6.5|0|1|6.5|0|0|0|0|0|0|0|0|0|0|0|0|0|0|0|0|5
218|18|"BASTOS Jacinto Quissanga"|"LAZIO"|1|1|0|0.0|0|0|0.0|0|0|0|0|0|0|0|0|0|0|0|0|0|0|0|0|7
219|18|"BENATIA Medhi"|"JUVENTUS"|1|1|0|0.0|0|0|0.0|0|0|0|0|0|0|0|0|0|0|0|0|0|0|0|0|12
220|18|"BERESZYNSKI Bartosz"|"SAMPDORIA"|1|1|0|0.0|0|0|0.0|0|0|0|0|0|0|0|0|0|0|0|0|0|0|0|0|7
221|18|"BETTELLA Davide"|"ATALANTA"|1|1|0|0.0|0|0|0.0|0|0|0|0|0|0|0|0|0|0|0|0|0|0|0|0|1
222|18|"BIANDA William"|"ROMA"|1|1|0|0.0|0|0|0.0|0|0|0|0|0|0|0|0|0|0|0|0|0|0|0|0|2
223|18|"BIRAGHI Cristiano"|"FIORENTINA"|1|1|1|5.5|0|1|5.5|0|0|0|0|0|0|0|0|0|0|0|0|0|0|0|0|12
224|18|"BIRASCHI Davide"|"GENOA"|1|1|1|6.0|0|1|6.0|0|0|0|0|0|0|0|0|0|0|0|0|0|0|0|0|8
225|18|"BONIFAZI Kevin"|"SPAL"|1|1|1|6.5|0|1|6.5|0|0|0|0|0|0|0|0|0|0|0|0|0|0|0|0|7
226|18|"BONUCCI Leonardo"|"JUVENTUS"|1|1|1|5.0|0|1|5.0|0|0|0|0|0|0|0|0|0|0|0|0|0|0|0|0|16
227|18|"BREMER Gleison Silva Nascimento"|"TORINO"|1|1|0|0.0|0|0|0.0|0|0|0|0|0|0|0|0|0|0|0|0|0|0|0|0|4
228|18|"BRIGHENTI Nicolò"|"FROSINONE"|1|1|0|0.0|0|0|0.0|0|0|0|0|0|0|0|0|0|0|0|0|0|0|0|0|3
229|18|"BRIGNANI Fabrizio"|"BOLOGNA"|0|1|0|0.0|0|0|0.0|0|0|0|0|0|0|0|0|0|0|0|0|0|0|0|0|1
230|18|"CACCIATORE Fabrizio"|"CHIEVO"|1|1|0|0.0|0|0|0.0|0|0|0|0|0|0|0|0|0|0|0|0|0|0|0|0|7
231|18|"CACERES Martín"|"LAZIO"|1|1|0|0.0|0|0|0.0|0|0|0|0|0|0|0|0|0|0|0|0|0|0|0|0|8
232|18|"CALABRESI Arturo"|"BOLOGNA"|1|1|1|5.0|0|1|5.5|0|0|0|0|0|1|0|0|0|0|0|0|0|0|0|0|6
233|18|"CALABRIA Davide"|"MILAN"|1|1|1|5.5|0|1|5.5|0|0|0|0|0|0|0|0|0|0|0|0|0|0|0|0|9
234|18|"CALDARA Mattia"|"MILAN"|1|1|0|0.0|0|0|0.0|0|0|0|0|0|0|0|0|0|0|0|0|0|0|0|0|12
235|18|"CANCELO Joao"|"JUVENTUS"|1|1|0|0.0|0|0|0.0|0|0|0|0|0|0|0|0|0|0|0|0|0|0|0|0|19
236|18|"CAPUANO Marco"|"FROSINONE"|1|1|0|0.0|0|0|0.0|0|0|0|0|0|0|0|0|0|0|0|0|0|0|0|0|5
237|18|"CASTAGNE Timothy"|"ATALANTA"|1|1|1|6.5|0|1|6.5|0|0|0|0|0|0|0|0|0|0|0|0|0|0|0|0|9
238|18|"CECCHERINI Federico"|"FIORENTINA"|1|1|1|6.0|0|1|6.0|0|0|0|0|0|0|0|0|0|0|0|0|0|0|0|0|5
239|18|"CEPPITELLI Luca"|"CAGLIARI"|1|1|1|6.0|0|1|6.0|0|0|0|0|0|0|0|0|0|0|0|0|0|0|0|0|8
240|18|"CESAR Bostjan"|"CHIEVO"|1|1|1|5.0|0|1|5.5|0|0|0|0|0|1|0|0|0|0|0|0|0|0|0|0|3
241|18|"CHIELLINI Giorgio"|"JUVENTUS"|1|1|1|6.0|0|1|6.5|0|0|0|0|0|1|0|0|0|0|0|0|0|0|0|0|19
242|18|"CHIRICHES Vlad"|"NAPOLI"|1|1|0|0.0|0|0|0.0|0|0|0|0|0|0|0|0|0|0|0|0|0|0|0|0|4
243|18|"CIOFANI Matteo"|"FROSINONE"|0|1|0|0.0|0|0|0.0|0|0|0|0|0|0|0|0|0|0|0|0|0|0|0|0|5
244|18|"CIONEK Thiago"|"SPAL"|1|1|1|5.5|0|1|5.5|0|0|0|0|0|0|0|0|0|0|0|0|0|0|0|0|6
245|18|"COLLEY Omar"|"SAMPDORIA"|1|1|1|6.5|0|1|6.5|0|0|0|0|0|0|0|0|0|0|0|0|0|0|0|0|8
246|18|"CONTI Andrea"|"MILAN"|1|1|1|5.5|0|1|5.5|0|0|0|0|0|0|0|0|0|0|0|0|0|0|0|0|9
247|18|"COSTA Filippo"|"SPAL"|1|1|1|6.0|0|1|6.0|0|0|0|0|0|0|0|0|0|0|0|0|0|0|0|0|6
248|18|"CREMONESI Michele"|"SPAL"|0|1|0|0.0|0|0|0.0|0|0|0|0|0|0|0|0|0|0|0|0|0|0|0|0|3
249|18|"CRISCITO Domenico"|"GENOA"|1|1|1|6.0|0|1|6.0|0|0|0|0|0|0|0|0|0|0|0|0|0|0|0|0|12
250|18|"D'AMBROSIO Danilo"|"INTER"|1|1|1|6.0|0|1|6.0|0|0|0|0|0|0|0|0|0|0|0|0|0|0|0|0|13
251|18|"DALBERT Henrique"|"INTER"|1|1|0|0.0|0|0|0.0|0|0|0|0|0|0|0|0|0|0|0|0|0|0|0|0|6
252|18|"DANILO Larangeira"|"BOLOGNA"|1|1|1|5.0|0|1|5.0|0|0|0|0|0|0|0|0|0|0|0|0|0|0|0|0|7
253|18|"DE MAIO Sebastian"|"BOLOGNA"|1|1|0|0.0|0|0|0.0|0|0|0|0|0|0|0|0|0|0|0|0|0|0|0|0|6
254|18|"DE SCIGLIO Mattia"|"JUVENTUS"|1|1|1|5.5|0|1|5.5|0|0|0|0|0|0|0|0|0|0|0|0|0|0|0|0|9
255|18|"DE SILVESTRI Lorenzo"|"TORINO"|1|1|1|12.0|0|1|7.5|1|0|0|0|0|0|0|0|0|0|0|0|0|0|0|0|18
256|18|"DE VRIJ Stefan"|"INTER"|1|1|1|7.0|0|1|7.0|0|0|0|0|0|0|0|0|0|0|0|0|0|0|0|0|21
257|18|"DELL'ORCO Christian"|"SASSUOLO"|1|1|1|5.5|0|1|5.5|0|0|0|0|0|0|0|0|0|0|0|0|0|0|0|0|4
258|18|"DI CESARE Valerio"|"PARMA"|0|1|0|0.0|0|0|0.0|0|0|0|0|0|0|0|0|0|0|0|0|0|0|0|0|5
259|18|"DI LORENZO Giovanni"|"EMPOLI"|1|1|1|5.0|0|1|5.5|0|0|0|0|0|1|0|0|0|0|0|0|0|0|0|0|8
260|18|"DICKMANN Lorenzo"|"SPAL"|1|1|0|0.0|0|0|0.0|0|0|0|0|0|0|0|0|0|0|0|0|0|0|0|0|4
261|18|"DIJKS Mitchell"|"BOLOGNA"|1|1|0|0.0|0|0|0.0|0|0|0|0|0|0|0|0|0|0|0|0|0|0|0|0|5
262|18|"DIKS Kevin"|"FIORENTINA"|1|1|0|0.0|0|0|0.0|0|0|0|0|0|0|0|0|0|0|0|0|0|0|0|0|4
263|18|"DIMARCO Federico"|"PARMA"|1|1|0|0.0|0|0|0.0|0|0|0|0|0|0|0|0|0|0|0|0|0|0|0|0|6
264|18|"DURMISI Riza"|"LAZIO"|1|1|0|0.0|0|0|0.0|0|0|0|0|0|0|0|0|0|0|0|0|0|0|0|0|5
265|18|"EL YAMIQ Jawad"|"GENOA"|0|1|0|0.0|0|0|0.0|0|0|0|0|0|0|0|0|0|0|0|0|0|0|0|0|4
266|18|"FARAGÒ Paolo"|"CAGLIARI"|1|1|1|5.5|0|1|6.0|0|0|0|0|0|1|0|0|0|0|0|0|0|0|0|0|8
267|18|"FAZIO Federico"|"ROMA"|1|1|1|6.0|0|1|6.0|0|0|0|0|0|0|0|0|0|0|0|0|0|0|0|0|17
268|18|"FELIPE Dal Belo"|"SPAL"|1|1|1|6.0|0|1|6.0|0|0|0|0|0|0|0|0|0|0|0|0|0|0|0|0|7
269|18|"FERRARI Gianmarco"|"SASSUOLO"|1|1|1|4.0|0|1|4.5|0|0|0|0|0|1|0|0|0|0|0|0|0|0|0|0|15
270|18|"FERRARI Alex"|"SAMPDORIA"|1|1|0|0.0|0|0|0.0|0|0|0|0|0|0|0|0|0|0|0|0|0|0|0|0|4
271|18|"FLORENZI Alessandro"|"ROMA"|1|1|1|6.0|0|1|6.5|0|0|0|0|0|1|0|0|0|0|0|0|0|0|0|0|18
272|18|"GAGLIOLO Riccardo"|"PARMA"|1|1|1|6.5|0|1|6.5|0|0|0|0|0|0|0|0|0|0|0|0|0|0|0|0|9
273|18|"GAZZOLA Marcello"|"PARMA"|1|1|1|6.5|0|1|6.5|0|0|0|0|0|0|0|0|0|0|0|0|0|0|0|0|5
274|18|"GHIGLIONE Paolo"|"FROSINONE"|1|1|1|6.5|0|1|7.0|0|0|0|0|0|1|0|0|0|0|0|0|0|0|0|0|2
275|18|"GHOULAM Faouzi"|"NAPOLI"|1|1|0|0.0|0|0|0.0|0|0|0|0|0|0|0|0|0|0|0|0|0|0|0|0|11
276|18|"GOBBI Massimo"|"PARMA"|1|1|0|0.0|0|0|0.0|0|0|0|0|0|0|0|0|0|0|0|0|0|0|0|0|5
277|18|"GOLDANIGA Edoardo"|"FROSINONE"|1|1|1|6.5|0|1|6.5|0|0|0|0|0|0|0|0|0|0|0|0|0|0|0|0|7
278|18|"GOMEZ Gustavo"|"MILAN"|0|1|0|0.0|0|0|0.0|0|0|0|0|0|0|0|0|0|0|0|0|0|0|0|0|3
279|18|"GONZALEZ Giancarlo"|"BOLOGNA"|1|1|0|0.0|0|0|0.0|0|0|0|0|0|0|0|0|0|0|0|0|0|0|0|0|5
280|18|"GOSENS Robin"|"ATALANTA"|1|1|1|6.0|0|1|6.0|0|0|0|0|0|0|0|0|0|0|0|0|0|0|0|0|10
281|18|"GUNTER Koray"|"GENOA"|1|1|0|0.0|0|0|0.0|0|0|0|0|0|0|0|0|0|0|0|0|0|0|0|0|4
282|18|"HANCKO David"|"FIORENTINA"|1|1|0|0.0|0|0|0.0|0|0|0|0|0|0|0|0|0|0|0|0|0|0|0|0|4
283|18|"HATEBOER Hans"|"ATALANTA"|1|1|1|5.5|0|1|6.0|0|0|0|0|0|1|0|0|0|0|0|0|0|0|0|0|15
284|18|"HELANDER Filip Viktor"|"BOLOGNA"|1|1|1|5.5|0|1|5.5|0|0|0|0|0|0|0|0|0|0|0|0|0|0|0|0|5
285|18|"HEURTAUX Thomas"|"UDINESE"|0|1|0|0.0|0|0|0.0|0|0|0|0|0|0|0|0|0|0|0|0|0|0|0|0|4
286|18|"HRISTOV Petko"|"FIORENTINA"|0|1|0|0.0|0|0|0.0|0|0|0|0|0|0|0|0|0|0|0|0|0|0|0|0|2
287|18|"HYSAJ Elseid"|"NAPOLI"|1|1|0|0.0|0|0|0.0|0|0|0|0|0|0|0|0|0|0|0|0|0|0|0|0|10
288|18|"IACOPONI Simone"|"PARMA"|1|1|1|7.0|0|1|7.0|0|0|0|0|0|0|0|0|0|0|0|0|0|0|0|0|7
289|18|"IMPERIALE Marco"|"EMPOLI"|0|1|0|0.0|0|0|0.0|0|0|0|0|0|0|0|0|0|0|0|0|0|0|0|0|1
290|18|"IZZO Armando"|"TORINO"|1|1|1|6.5|0|1|6.5|0|0|0|0|0|0|0|0|0|0|0|0|0|0|0|0|13
291|18|"JAROSZYNSKI Pawel"|"CHIEVO"|1|1|1|5.5|0|1|5.5|0|0|0|0|0|0|0|0|0|0|0|0|0|0|0|0|4
292|18|"JUAN JESUS Guilherme Nunes"|"ROMA"|1|1|0|0.0|0|0|0.0|0|0|0|0|0|0|0|0|0|0|0|0|0|0|0|0|8
293|18|"KARSDORP Rick"|"ROMA"|1|1|0|0.0|0|0|0.0|0|0|0|0|0|0|0|0|0|0|0|0|0|0|0|0|4
294|18|"KOLAROV Aleksandar"|"ROMA"|1|1|1|6.5|0|1|6.5|0|0|0|0|0|0|0|0|0|0|0|0|0|0|0|0|25
295|18|"KONATE Pa"|"SPAL"|0|1|0|0.0|0|0|0.0|0|0|0|0|0|0|0|0|0|0|0|0|0|0|0|0|4
296|18|"KOULIBALY Kalidou"|"NAPOLI"|1|1|1|6.0|0|1|7.0|0|0|0|0|0|0|1|0|0|0|0|0|0|0|0|0|19
297|18|"KRAFTH Emil"|"BOLOGNA"|0|1|0|0.0|0|0|0.0|0|0|0|0|0|0|0|0|0|0|0|0|0|0|0|0|4
298|18|"KRAJNC Luka"|"FROSINONE"|1|1|1|6.0|0|1|6.0|0|0|0|0|0|0|0|0|0|0|0|0|0|0|0|0|3
299|18|"LAKICEVIC Ivan"|"GENOA"|1|1|0|0.0|0|0|0.0|0|0|0|0|0|0|0|0|0|0|0|0|0|0|0|0|4
300|18|"LARSEN Jens Stryger"|"UDINESE"|1|1|1|6.0|0|1|6.0|0|0|0|0|0|0|0|0|0|0|0|0|0|0|0|0|9
301|18|"LAURINI Vincent"|"FIORENTINA"|1|1|1|4.5|0|1|5.0|0|0|0|0|0|1|0|0|0|0|0|0|0|0|0|0|4
302|18|"LEMOS Mauricio"|"SASSUOLO"|1|1|1|5.0|0|1|5.0|0|0|0|0|0|0|0|0|0|0|0|0|0|0|0|0|5
303|18|"LETSCHERT Timo"|"SASSUOLO"|0|1|0|0.0|0|0|0.0|0|0|0|0|0|0|0|0|0|0|0|0|0|0|0|0|3
304|18|"LEVERBE Maxime"|"SAMPDORIA"|1|1|0|0.0|0|0|0.0|0|0|0|0|0|0|0|0|0|0|0|0|0|0|0|0|1
305|18|"LIROLA Pol"|"SASSUOLO"|1|1|1|5.0|0|1|5.0|0|0|0|0|0|0|0|0|0|0|0|0|0|0|0|0|11
306|18|"LUIZ FELIPE Ramos Marchi"|"LAZIO"|1|1|1|12.5|0|1|7.0|1|0|0|0|1|0|0|0|0|0|0|0|0|0|0|0|9
307|18|"LUPERTO Sebastiano"|"NAPOLI"|1|1|0|0.0|0|0|0.0|0|0|0|0|0|0|0|0|0|0|0|0|0|0|0|0|4
308|18|"LYANCO Silveira Neves Vojnovic"|"TORINO"|1|1|0|0.0|0|0|0.0|0|0|0|0|0|0|0|0|0|0|0|0|0|0|0|0|4
309|18|"LYKOGIANNIS Charalampos"|"CAGLIARI"|1|1|0|0.0|0|0|0.0|0|0|0|0|0|0|0|0|0|0|0|0|0|0|0|0|6
310|18|"MAIETTA Domenico"|"EMPOLI"|1|1|1|5.0|0|1|5.0|0|0|0|0|0|0|0|0|0|0|0|0|0|0|0|0|5
311|18|"MAKSIMOVIC Nikola"|"NAPOLI"|1|1|1|5.5|0|1|5.5|0|0|0|0|0|0|0|0|0|0|0|0|0|0|0|0|6
312|18|"MANCINI Gianluca"|"ATALANTA"|1|1|1|5.5|0|1|6.0|0|0|0|0|0|1|0|0|0|0|0|0|0|0|0|0|15
313|18|"MANOLAS Konstantinos"|"ROMA"|1|1|1|7.0|0|1|7.0|0|0|0|0|0|0|0|0|0|0|0|0|0|0|0|0|17
314|18|"MARCANO Iván"|"ROMA"|1|1|0|0.0|0|0|0.0|0|0|0|0|0|0|0|0|0|0|0|0|0|0|0|0|8
315|18|"MARCHIZZA Riccardo"|"SASSUOLO"|0|1|0|0.0|0|0|0.0|0|0|0|0|0|0|0|0|0|0|0|0|0|0|0|0|2
316|18|"MARCJANIK Michal"|"EMPOLI"|1|1|0|0.0|0|0|0.0|0|0|0|0|0|0|0|0|0|0|0|0|0|0|0|0|4
317|18|"MARIO RUI Silva Duarte"|"NAPOLI"|1|1|1|5.5|0|1|5.5|0|0|0|0|0|0|0|0|0|0|0|0|0|0|0|0|8
318|18|"MARUSIC Adam"|"LAZIO"|1|1|1|6.5|0|1|6.5|0|0|0|0|0|0|0|0|0|0|0|0|0|0|0|0|13
319|18|"MASIELLO Andrea"|"ATALANTA"|1|1|1|6.0|0|1|6.0|0|0|0|0|0|0|0|0|0|0|0|0|0|0|0|0|11
320|18|"MBAYE Ibrahima"|"BOLOGNA"|1|1|0|0.0|0|0|0.0|0|0|0|0|0|0|0|0|0|0|0|0|0|0|0|0|9
321|18|"MILENKOVIC Nikola"|"FIORENTINA"|1|1|1|5.0|0|1|5.5|0|0|0|0|0|1|0|0|0|0|0|0|0|0|0|0|13
322|18|"MIRANDA Joao"|"INTER"|1|1|0|0.0|0|0|0.0|0|0|0|0|0|0|0|0|0|0|0|0|0|0|0|0|8
323|18|"MOLINARO Cristian"|"FROSINONE"|1|1|0|0.0|0|0|0.0|0|0|0|0|0|0|0|0|0|0|0|0|0|0|0|0|4
324|18|"MORETTI Emiliano"|"TORINO"|1|1|1|6.5|0|1|6.5|0|0|0|0|0|0|0|0|0|0|0|0|0|0|0|0|7
325|18|"MURRU Nicola"|"SAMPDORIA"|1|1|1|7.5|0|1|6.5|0|0|0|0|1|0|0|0|0|0|0|0|0|0|0|0|10
326|18|"MUSACCHIO Mateo"|"MILAN"|1|1|1|6.0|0|1|6.0|0|0|0|0|0|0|0|0|0|0|0|0|0|0|0|0|6
327|18|"NKOULOU Nicolas"|"TORINO"|1|1|1|11.5|0|1|7.0|1|0|0|0|0|0|0|0|0|0|0|0|0|0|0|0|18
328|18|"NUYTINCK Bram"|"UDINESE"|1|1|1|6.0|0|1|6.0|0|0|0|0|0|0|0|0|0|0|0|0|0|0|0|0|8
329|18|"OLIVERA Maximiliano"|"FIORENTINA"|1|1|0|0.0|0|0|0.0|0|0|0|0|0|0|0|0|0|0|0|0|0|0|0|0|3
330|18|"OPOKU Nicholas"|"UDINESE"|1|1|1|6.0|0|1|6.0|0|0|0|0|0|0|0|0|0|0|0|0|0|0|0|0|3
331|18|"PAJAC Marko"|"CAGLIARI"|1|1|0|0.0|0|0|0.0|0|0|0|0|0|0|0|0|0|0|0|0|0|0|0|0|5
332|18|"PALOMINO José Luis"|"ATALANTA"|1|1|0|0.0|0|0|0.0|0|0|0|0|0|0|0|0|0|0|0|0|0|0|0|0|10
333|18|"PASQUAL Manuel"|"EMPOLI"|1|1|0|0.0|0|0|0.0|0|0|0|0|0|0|0|0|0|0|0|0|0|0|0|0|12
334|18|"PAZ Nehuén"|"BOLOGNA"|1|1|0|0.0|0|0|0.0|0|0|0|0|0|0|0|0|0|0|0|0|0|0|0|0|4
335|18|"PELLEGRINI Luca"|"ROMA"|1|1|0|0.0|0|0|0.0|0|0|0|0|0|0|0|0|0|0|0|0|0|0|0|0|2
336|18|"PELUSO Federico"|"SASSUOLO"|1|1|0|0.0|0|0|0.0|0|0|0|0|0|0|0|0|0|0|0|0|0|0|0|0|4
337|18|"PEREIRA Pedro"|"GENOA"|1|1|1|5.5|0|1|5.5|0|0|0|0|0|0|0|0|0|0|0|0|0|0|0|0|5
338|18|"PEZZELLA German"|"FIORENTINA"|1|1|1|5.5|0|1|6.0|0|0|0|0|0|1|0|0|0|0|0|0|0|0|0|0|13
339|18|"PEZZELLA Giuseppe"|"UDINESE"|1|1|0|0.0|0|0|0.0|0|0|0|0|0|0|0|0|0|0|0|0|0|0|0|0|4
340|18|"PISACANE Fabio"|"CAGLIARI"|1|1|1|6.5|0|1|6.5|0|0|0|0|0|0|0|0|0|0|0|0|0|0|0|0|6
341|18|"POLVANI Luca"|"EMPOLI"|1|1|0|0.0|0|0|0.0|0|0|0|0|0|0|0|0|0|0|0|0|0|0|0|0|2
342|18|"RADU Stefan"|"LAZIO"|1|1|1|6.5|0|1|6.5|0|0|0|0|0|0|0|0|0|0|0|0|0|0|0|0|9
343|18|"RANOCCHIA Andrea"|"INTER"|1|1|0|0.0|0|0|0.0|0|0|0|0|0|0|0|0|0|0|0|0|0|0|0|0|4
344|18|"RASMUSSEN Jacob"|"EMPOLI"|1|1|1|5.5|0|1|5.5|0|0|0|0|0|0|0|0|0|0|0|0|0|0|0|0|4
345|18|"RECA Arkadiusz"|"ATALANTA"|1|1|0|0.0|0|0|0.0|0|0|0|0|0|0|0|0|0|0|0|0|0|0|0|0|4
346|18|"REGINI Vasco"|"SAMPDORIA"|1|1|0|0.0|0|0|0.0|0|0|0|0|0|0|0|0|0|0|0|0|0|0|0|0|4
347|18|"RODRIGUEZ Ricardo"|"MILAN"|1|1|1|5.5|0|1|5.5|0|0|0|0|0|0|0|0|0|0|0|0|0|0|0|0|12
348|18|"ROGERIO Oliveira Da Silva"|"SASSUOLO"|1|1|0|0.0|0|0|0.0|0|0|0|0|0|0|0|0|0|0|0|0|0|0|0|0|6
349|18|"ROLANDO Gabriele"|"SAMPDORIA"|1|1|0|0.0|0|0|0.0|0|0|0|0|0|0|0|0|0|0|0|0|0|0|0|0|3
350|18|"ROMAGNA Filippo"|"CAGLIARI"|1|1|0|0.0|0|0|0.0|0|0|0|0|0|0|0|0|0|0|0|0|0|0|0|0|8
351|18|"ROMAGNOLI Alessio"|"MILAN"|1|1|1|6.0|0|1|6.0|0|0|0|0|0|0|0|0|0|0|0|0|0|0|0|0|16
352|18|"ROMAGNOLI Simone"|"EMPOLI"|0|1|0|0.0|0|0|0.0|0|0|0|0|0|0|0|0|0|0|0|0|0|0|0|0|3
353|18|"ROSSETTINI Luca"|"CHIEVO"|1|1|0|0.0|0|0|0.0|0|0|0|0|0|0|0|0|0|0|0|0|0|0|0|0|5
354|18|"RUGANI Daniele"|"JUVENTUS"|1|1|0|0.0|0|0|0.0|0|0|0|0|0|0|0|0|0|0|0|0|0|0|0|0|8
355|18|"RUSSO Adriano"|"FROSINONE"|0|1|0|0.0|0|0|0.0|0|0|0|0|0|0|0|0|0|0|0|0|0|0|0|0|2
356|18|"SALA Jacopo"|"SAMPDORIA"|1|1|1|6.0|0|1|6.0|0|0|0|0|0|0|0|0|0|0|0|0|0|0|0|0|5
357|18|"SALAMON Bartosz"|"FROSINONE"|1|1|0|0.0|0|0|0.0|0|0|0|0|0|0|0|0|0|0|0|0|0|0|0|0|4
358|18|"SAMIR Caetano de Sousa"|"UDINESE"|1|1|0|0.0|0|0|0.0|0|0|0|0|0|0|0|0|0|0|0|0|0|0|0|0|7
359|18|"SANTON Davide"|"ROMA"|1|1|0|0.0|0|0|0.0|0|0|0|0|0|0|0|0|0|0|0|0|0|0|0|0|6
360|18|"SCAGLIA Luigi"|"PARMA"|0|1|0|0.0|0|0|0.0|0|0|0|0|0|0|0|0|0|0|0|0|0|0|0|0|4
361|18|"SERNICOLA Leonardo"|"SASSUOLO"|1|1|0|0.0|0|0|0.0|0|0|0|0|0|0|0|0|0|0|0|0|0|0|0|0|1
362|18|"SIMIC Stefan"|"MILAN"|1|1|0|0.0|0|0|0.0|0|0|0|0|0|0|0|0|0|0|0|0|0|0|0|0|2
363|18|"SKRINIAR Milan"|"INTER"|1|1|1|6.5|0|1|6.5|0|0|0|0|0|0|0|0|0|0|0|0|0|0|0|0|17
364|18|"SPINAZZOLA Leonardo"|"JUVENTUS"|1|1|0|0.0|0|0|0.0|0|0|0|0|0|0|0|0|0|0|0|0|0|0|0|0|4
365|18|"SPOLLI Nicolas"|"GENOA"|1|1|0|0.0|0|0|0.0|0|0|0|0|0|0|0|0|0|0|0|0|0|0|0|0|4
366|18|"SRNA Darijo"|"CAGLIARI"|1|1|1|7.0|0|1|6.0|0|0|0|0|1|0|0|0|0|0|0|0|0|0|0|0|12
367|18|"STRINIC Ivan"|"MILAN"|1|1|0|0.0|0|0|0.0|0|0|0|0|0|0|0|0|0|0|0|0|0|0|0|0|4
368|18|"TANASIJEVIC Strahinja"|"CHIEVO"|1|1|0|0.0|0|0|0.0|0|0|0|0|0|0|0|0|0|0|0|0|0|0|0|0|1
369|18|"TAVARES Junior"|"SAMPDORIA"|1|1|0|0.0|0|0|0.0|0|0|0|0|0|0|0|0|0|0|0|0|0|0|0|0|4
370|18|"TER AVEST Hidde"|"UDINESE"|1|1|0|0.0|0|0|0.0|0|0|0|0|0|0|0|0|0|0|0|0|0|0|0|0|6
371|18|"TERRANOVA Emanuele"|"FROSINONE"|0|1|0|0.0|0|0|0.0|0|0|0|0|0|0|0|0|0|0|0|0|0|0|0|0|6
372|18|"TOLOI Rafael"|"ATALANTA"|1|1|0|0.0|0|0|0.0|0|0|0|0|0|0|0|0|0|0|0|0|0|0|0|0|10
373|18|"TOMOVIC Nenad"|"CHIEVO"|1|1|0|0.0|0|0|0.0|0|0|0|0|0|0|0|0|0|0|0|0|0|0|0|0|6
374|18|"TONELLI Lorenzo"|"SAMPDORIA"|1|1|0|0.0|0|0|0.0|0|0|0|0|0|0|0|0|0|0|0|0|0|0|0|0|9
375|18|"UNTERSEE Joel"|"EMPOLI"|1|1|0|0.0|0|0|0.0|0|0|0|0|0|0|0|0|0|0|0|0|0|0|0|0|4
376|18|"VAISANEN Sauli"|"SPAL"|0|1|0|0.0|0|0|0.0|0|0|0|0|0|0|0|0|0|0|0|0|0|0|0|0|3
377|18|"VALJENT Martin"|"CHIEVO"|0|1|0|0.0|0|0|0.0|0|0|0|0|0|0|0|0|0|0|0|0|0|0|0|0|3
378|18|"VARNIER Marco"|"ATALANTA"|1|1|0|0.0|0|0|0.0|0|0|0|0|0|0|0|0|0|0|0|0|0|0|0|0|4
379|18|"VENUTI Lorenzo"|"FIORENTINA"|0|1|0|0.0|0|0|0.0|0|0|0|0|0|0|0|0|0|0|0|0|0|0|0|0|4
380|18|"VESELI Frederic"|"EMPOLI"|1|1|1|5.0|0|1|5.5|0|0|0|0|0|1|0|0|0|0|0|0|0|0|0|0|4
381|18|"VICARI Francesco"|"SPAL"|1|1|0|0.0|0|0|0.0|0|0|0|0|0|0|0|0|0|0|0|0|0|0|0|0|8
382|18|"VITOR HUGO Franchescoli de Souza"|"FIORENTINA"|1|1|1|3.0|0|1|4.0|0|0|0|0|0|0|1|0|0|0|0|0|0|0|0|0|8
383|18|"WAGUE Molla"|"UDINESE"|1|1|0|0.0|0|0|0.0|0|0|0|0|0|0|0|0|0|0|0|0|0|0|0|0|4
384|18|"WALLACE Oliveira dos Santos"|"LAZIO"|1|1|0|0.0|0|0|0.0|0|0|0|0|0|0|0|0|0|0|0|0|0|0|0|0|4
385|18|"ZAPATA Cristian"|"MILAN"|1|1|0|0.0|0|0|0.0|0|0|0|0|0|0|0|0|0|0|0|0|0|0|0|0|7
386|18|"ZUKANOVIC Ervin"|"GENOA"|1|1|0|0.0|0|0|0.0|0|0|0|0|0|0|0|0|0|0|0|0|0|0|0|0|5
387|18|"SIERRALTA Francisco"|"PARMA"|1|1|0|0.0|0|0|0.0|0|0|0|0|0|0|0|0|0|0|0|0|0|0|0|0|2
388|18|"PATRIC Patricio Gabarron Gil"|"LAZIO"|1|1|0|0.0|0|0|0.0|0|0|0|0|0|0|0|0|0|0|0|0|0|0|0|0|6
389|18|"MATTIELLO Federico"|"BOLOGNA"|1|1|1|5.0|0|1|5.0|0|0|0|0|0|0|0|0|0|0|0|0|0|0|0|0|8
390|18|"DJOUROU Johan Danon"|"SPAL"|1|1|0|0.0|0|0|0.0|0|0|0|0|0|0|0|0|0|0|0|0|0|0|0|0|7
391|18|"TRIPALDELLI Alessandro"|"SASSUOLO"|0|1|0|0.0|0|0|0.0|0|0|0|0|0|0|0|0|0|0|0|0|0|0|0|0|1
392|18|"LUKAKU Jordan Zacharie"|"LAZIO"|1|1|1|6.0|0|1|6.0|0|0|0|0|0|0|0|0|0|0|0|0|0|0|0|0|7
393|18|"MAGNANI Giangiacomo"|"SASSUOLO"|1|1|0|0.0|0|0|0.0|0|0|0|0|0|0|0|0|0|0|0|0|0|0|0|0|6
394|18|"GILLEKENS Jordy"|"FIORENTINA"|1|1|0|0.0|0|0|0.0|0|0|0|0|0|0|0|0|0|0|0|0|0|0|0|0|1
395|18|"GABBIA Matteo"|"MILAN"|0|1|0|0.0|0|0|0.0|0|0|0|0|0|0|0|0|0|0|0|0|0|0|0|0|1
396|18|"BELLANOVA Raoul"|"MILAN"|1|1|0|0.0|0|0|0.0|0|0|0|0|0|0|0|0|0|0|0|0|0|0|0|0|1
397|18|"VRSALJKO Sime"|"INTER"|1|1|0|0.0|0|0|0.0|0|0|0|0|0|0|0|0|0|0|0|0|0|0|0|0|11
398|18|"LOPEZ Lisandro"|"GENOA"|1|1|0|0.0|0|0|0.0|0|0|0|0|0|0|0|0|0|0|0|0|0|0|0|0|4
399|18|"SILVESTRE Matias"|"EMPOLI"|1|1|1|4.5|0|1|5.0|0|0|0|0|0|1|0|0|0|0|0|0|0|0|0|0|11
400|18|"MALCUIT Kevin"|"NAPOLI"|1|1|0|0.0|0|0|0.0|0|0|0|0|0|0|0|0|0|0|0|0|0|0|0|0|8
401|18|"ANDERSON Djavan"|"LAZIO"|0|1|0|0.0|0|0|0.0|0|0|0|0|0|0|0|0|0|0|0|0|0|0|0|0|4
402|18|"FERIGRA Erick"|"TORINO"|1|1|0|0.0|0|0|0.0|0|0|0|0|0|0|0|0|0|0|0|0|0|0|0|0|1
403|18|"CORBO Gabriele"|"BOLOGNA"|1|1|0|0.0|0|0|0.0|0|0|0|0|0|0|0|0|0|0|0|0|0|0|0|0|1
404|18|"BARBA Federico"|"CHIEVO"|1|1|1|6.0|0|1|6.0|0|0|0|0|0|0|0|0|0|0|0|0|0|0|0|0|6
405|18|"AINA Ola"|"TORINO"|1|1|1|6.0|0|1|6.0|0|0|0|0|0|0|0|0|0|0|0|0|0|0|0|0|9
406|18|"DJIDJI Koffi"|"TORINO"|1|1|0|0.0|0|0|0.0|0|0|0|0|0|0|0|0|0|0|0|0|0|0|0|0|8
407|18|"ZAMPANO Francesco"|"FROSINONE"|1|1|0|5.5|0|0|0.0|0|0|0|0|0|0|0|0|0|0|0|0|0|0|0|0|8
408|18|"SIMIC Lorenco"|"SPAL"|1|1|0|0.0|0|0|0.0|0|0|0|0|0|0|0|0|0|0|0|0|0|0|0|0|4
409|18|"MARLON -"|"SASSUOLO"|1|1|1|5.5|0|1|5.5|0|0|0|0|0|0|0|0|0|0|0|0|0|0|0|0|10
410|18|"DJIMSITI Berat"|"ATALANTA"|1|1|1|3.0|0|1|5.0|0|0|0|0|0|0|0|0|0|0|0|1|0|0|0|0|5
411|18|"TROOST-EKONG William"|"UDINESE"|1|1|1|6.0|0|1|6.0|0|0|0|0|0|0|0|0|0|0|0|0|0|0|0|0|10
412|18|"VERGARA Jherson"|"CAGLIARI"|0|1|0|0.0|0|0|0.0|0|0|0|0|0|0|0|0|0|0|0|0|0|0|0|0|2
413|18|"SALVI Matteo"|"SPAL"|1|1|0|0.0|0|0|0.0|0|0|0|0|0|0|0|0|0|0|0|0|0|0|0|0|1
414|18|"FERRARESI Stefano"|"SASSUOLO"|1|1|0|0.0|0|0|0.0|0|0|0|0|0|0|0|0|0|0|0|0|0|0|0|0|1
415|18|"KLAVAN Ragnar"|"CAGLIARI"|1|1|0|0.0|0|0|0.0|0|0|0|0|0|0|0|0|0|0|0|0|0|0|0|0|8
416|18|"RIGIONE Michele"|"CHIEVO"|1|1|0|0.0|0|0|0.0|0|0|0|0|0|0|0|0|0|0|0|0|0|0|0|0|2
417|18|"ROMERO Cristian"|"GENOA"|1|1|1|5.0|0|1|5.5|0|0|0|0|0|1|0|0|0|0|0|0|0|0|0|0|6
418|18|"DI MAGGIO Andrea"|"PARMA"|1|1|0|0.0|0|0|0.0|0|0|0|0|0|0|0|0|0|0|0|0|0|0|0|0|1
500|18|"ACQUAH Afriyie"|"EMPOLI"|1|2|0|0.0|0|0|0.0|0|0|0|0|0|0|0|0|0|0|0|0|0|0|0|0|7
501|18|"ALLAN Marques Loureiro"|"NAPOLI"|1|2|1|6.0|0|1|6.5|0|0|0|0|0|1|0|0|0|0|0|0|0|0|0|0|19
503|18|"BADU Emmanuel"|"UDINESE"|1|2|0|0.0|0|0|0.0|0|0|0|0|0|0|0|0|0|0|0|0|0|0|0|0|4
504|18|"BALIC Andrija"|"UDINESE"|1|2|0|0.0|0|0|0.0|0|0|0|0|0|0|0|0|0|0|0|0|0|0|0|0|4
505|18|"BANDINELLI Filippo"|"SASSUOLO"|0|2|0|0.0|0|0|0.0|0|0|0|0|0|0|0|0|0|0|0|0|0|0|0|0|3
506|18|"BARAK Antonin"|"UDINESE"|1|2|0|0.0|0|0|0.0|0|0|0|0|0|0|0|0|0|0|0|0|0|0|0|0|15
507|18|"BARELLA Nicolò"|"CAGLIARI"|1|2|1|7.0|0|1|7.0|0|0|0|0|0|0|0|0|0|0|0|0|0|0|0|0|17
508|18|"BARILLÀ Antonino"|"PARMA"|1|2|0|0.0|0|0|0.0|0|0|0|0|0|0|0|0|0|0|0|0|0|0|0|0|10
509|18|"BARRETO Edgar"|"SAMPDORIA"|1|2|0|0.0|0|0|0.0|0|0|0|0|0|0|0|0|0|0|0|0|0|0|0|0|8
510|18|"BASELLI Daniele"|"TORINO"|1|2|1|7.5|0|1|6.5|0|0|0|0|1|0|0|0|0|0|0|0|0|0|0|0|19
511|18|"BAUMGARTNER Denis"|"SAMPDORIA"|0|2|0|0.0|0|0|0.0|0|0|0|0|0|0|0|0|0|0|0|0|0|0|0|0|1
512|18|"BEGHETTO Andrea"|"FROSINONE"|1|2|1|6.0|0|1|6.0|0|0|0|0|0|0|0|0|0|0|0|0|0|0|0|0|6
513|18|"BEHRAMI Valon"|"UDINESE"|1|2|0|0.0|0|0|0.0|0|0|0|0|0|0|0|0|0|0|0|0|0|0|0|0|7
514|18|"BENASSI Marco"|"FIORENTINA"|1|2|1|4.5|0|1|4.5|0|0|0|0|0|0|0|0|0|0|0|0|0|0|0|0|21
515|18|"BENNACER Ismael"|"EMPOLI"|1|2|1|5.0|0|1|5.0|0|0|0|0|0|0|0|0|0|0|0|0|0|0|0|0|10
516|18|"BENTANCUR Rodrigo"|"JUVENTUS"|1|2|1|4.0|0|1|5.0|0|0|0|0|0|0|1|0|0|0|0|0|0|0|0|0|12
517|18|"BERENGUER Alex"|"TORINO"|1|2|0|0.0|0|0|0.0|0|0|0|0|0|0|0|0|0|0|0|0|0|0|0|0|11
518|18|"BERISHA Valon"|"LAZIO"|1|2|0|0.0|0|0|0.0|0|0|0|0|0|0|0|0|0|0|0|0|0|0|0|0|10
519|18|"BERNARDESCHI Federico"|"JUVENTUS"|1|2|0|0.0|0|0|0.0|0|0|0|0|0|0|0|0|0|0|0|0|0|0|0|0|19
520|18|"BERTOLACCI Andrea"|"MILAN"|1|2|0|0.0|0|0|0.0|0|0|0|0|0|0|0|0|0|0|0|0|0|0|0|0|5
521|18|"BESEA Emmanuel"|"FROSINONE"|1|2|0|0.0|0|0|0.0|0|0|0|0|0|0|0|0|0|0|0|0|0|0|0|0|2
522|18|"BESSA Daniel"|"GENOA"|1|2|1|6.5|0|1|6.5|0|0|0|0|0|0|0|0|0|0|0|0|0|0|0|0|15
523|18|"BIGLIA Lucas"|"MILAN"|1|2|0|0.0|0|0|0.0|0|0|0|0|0|0|0|0|0|0|0|0|0|0|0|0|12
524|18|"BIRSA Valter"|"CHIEVO"|1|2|0|0.0|0|0|0.0|0|0|0|0|0|0|0|0|0|0|0|0|0|0|0|0|15
525|18|"BOATENG Kevin-Prince"|"SASSUOLO"|1|2|0|0.0|0|0|0.0|0|0|0|0|0|0|0|0|0|0|0|0|0|0|0|0|20
526|18|"BONAVENTURA Giacomo"|"MILAN"|1|2|0|0.0|0|0|0.0|0|0|0|0|0|0|0|0|0|0|0|0|0|0|0|0|24
527|18|"BORINI Fabio"|"MILAN"|1|2|0|0.0|0|0|0.0|0|0|0|0|0|0|0|0|0|0|0|0|0|0|0|0|8
528|18|"BORJA VALERO Iglesias"|"INTER"|1|2|1|5.5|0|1|6.0|0|0|0|0|0|1|0|0|0|0|0|0|0|0|0|0|9
529|18|"BOURABIA Mehdi"|"SASSUOLO"|1|2|1|6.0|0|1|6.0|0|0|0|0|0|0|0|0|0|0|0|0|0|0|0|0|9
530|18|"BRIGHI Matteo"|"EMPOLI"|1|2|0|0.0|0|0|0.0|0|0|0|0|0|0|0|0|0|0|0|0|0|0|0|0|4
531|18|"BROZOVIC Marcelo"|"INTER"|1|2|1|5.5|0|1|6.0|0|0|0|0|0|1|0|0|0|0|0|0|0|0|0|0|18
532|18|"CALHANOGLU Hakan"|"MILAN"|1|2|1|4.5|0|1|4.5|0|0|0|0|0|0|0|0|0|0|0|0|0|0|0|0|16
533|18|"CALIGARA Fabrizio"|"CAGLIARI"|0|2|0|0.0|0|0|0.0|0|0|0|0|0|0|0|0|0|0|0|0|0|0|0|0|1
534|18|"CALLEGARI Lorenzo"|"GENOA"|0|2|0|0.0|0|0|0.0|0|0|0|0|0|0|0|0|0|0|0|0|0|0|0|0|1
535|18|"CAN Emre"|"JUVENTUS"|1|2|1|5.5|0|1|5.5|0|0|0|0|0|0|0|0|0|0|0|0|0|0|0|0|17
536|18|"CANDREVA Antonio"|"INTER"|1|2|0|0.0|0|0|0.0|0|0|0|0|0|0|0|0|0|0|0|0|0|0|0|0|14
537|18|"CAPEZZI Leonardo"|"EMPOLI"|1|2|0|0.0|0|0|0.0|0|0|0|0|0|0|0|0|0|0|0|0|0|0|0|0|5
538|18|"CASSATA Francesco"|"FROSINONE"|1|2|0|0.0|0|0|0.0|0|0|0|0|0|0|0|0|0|0|0|0|0|0|0|0|6
539|18|"CASTRO Lucas"|"CAGLIARI"|1|2|0|0.0|0|0|0.0|0|0|0|0|0|0|0|0|0|0|0|0|0|0|0|0|17
540|18|"CATALDI Danilo"|"LAZIO"|1|2|0|0.0|0|0|0.0|0|0|0|0|0|0|0|0|0|0|0|0|0|0|0|0|8
541|18|"CHIBSAH Raman"|"FROSINONE"|1|2|1|6.5|0|1|6.5|0|0|0|0|0|0|0|0|0|0|0|0|0|0|0|0|9
542|18|"CHIESA Federico"|"FIORENTINA"|1|2|1|6.0|0|1|6.0|0|0|0|0|0|0|0|0|0|0|0|0|0|0|0|0|24
543|18|"CIGARINI Luca"|"CAGLIARI"|1|2|1|5.5|0|1|6.0|0|0|0|0|0|1|0|0|0|0|0|0|0|0|0|0|9
544|18|"COLOMBATTO Santiago"|"CAGLIARI"|0|2|0|0.0|0|0|0.0|0|0|0|0|0|0|0|0|0|0|0|0|0|0|0|0|3
545|18|"CORIC Ante"|"ROMA"|1|2|0|0.0|0|0|0.0|0|0|0|0|0|0|0|0|0|0|0|0|0|0|0|0|6
546|18|"COULIBALY Mamadou"|"UDINESE"|1|2|0|0.0|0|0|0.0|0|0|0|0|0|0|0|0|0|0|0|0|0|0|0|0|3
547|18|"CRISETIG Lorenzo"|"FROSINONE"|1|2|1|5.0|0|1|5.5|0|0|0|0|0|1|0|0|0|0|0|0|0|0|0|0|4
548|18|"CRISTANTE Bryan"|"ROMA"|1|2|1|8.0|0|1|7.0|0|0|0|0|1|0|0|0|0|0|0|0|0|0|0|0|24
549|18|"CRISTOFORO Sebastian"|"FIORENTINA"|0|2|0|0.0|0|0|0.0|0|0|0|0|0|0|0|0|0|0|0|0|0|0|0|0|3
550|18|"CUADRADO Juan"|"JUVENTUS"|1|2|0|0.0|0|0|0.0|0|0|0|0|0|0|0|0|0|0|0|0|0|0|0|0|20
551|18|"D'ALESSANDRO Marco"|"UDINESE"|1|2|1|6.0|0|1|6.0|0|0|0|0|0|0|0|0|0|0|0|0|0|0|0|0|7
552|18|"DABO Bryan"|"FIORENTINA"|1|2|0|0.0|0|0|0.0|0|0|0|0|0|0|0|0|0|0|0|0|0|0|0|0|11
553|18|"DE PAUL Rodrigo"|"UDINESE"|1|2|1|6.0|0|1|6.5|0|0|0|0|0|1|0|0|0|0|0|0|0|0|0|0|20
554|18|"DE ROON Marten"|"ATALANTA"|1|2|0|0.0|0|0|0.0|0|0|0|0|0|0|0|0|0|0|0|0|0|0|0|0|15
555|18|"DE ROSSI Daniele"|"ROMA"|1|2|0|0.0|0|0|0.0|0|0|0|0|0|0|0|0|0|0|0|0|0|0|0|0|12
556|18|"DEIOLA Alessandro"|"PARMA"|1|2|1|6.5|0|1|6.0|0|0|0|0|1|1|0|0|0|0|0|0|0|0|0|0|5
557|18|"DEPAOLI Fabio"|"CHIEVO"|1|2|1|6.0|0|1|6.0|0|0|0|0|0|0|0|0|0|0|0|0|0|0|0|0|7
558|18|"DESSENA Daniele"|"CAGLIARI"|1|2|0|0.0|0|0|0.0|0|0|0|0|0|0|0|0|0|0|0|0|0|0|0|0|5
559|18|"DEZI Jacopo"|"PARMA"|1|2|0|0.0|0|0|0.0|0|0|0|0|0|0|0|0|0|0|0|0|0|0|0|0|4
560|18|"DI GENNARO Davide"|"LAZIO"|0|2|0|0.0|0|0|0.0|0|0|0|0|0|0|0|0|0|0|0|0|0|0|0|0|3
561|18|"DIAWARA Amadou"|"NAPOLI"|1|2|0|0.0|0|0|0.0|0|0|0|0|0|0|0|0|0|0|0|0|0|0|0|0|8
562|18|"DJURICIC Filip"|"SASSUOLO"|1|2|1|5.0|0|1|5.0|0|0|0|0|0|0|0|0|0|0|0|0|0|0|0|0|10
563|18|"DONSAH Godfred"|"BOLOGNA"|1|2|0|0.0|0|0|0.0|0|0|0|0|0|0|0|0|0|0|0|0|0|0|0|0|4
564|18|"DOUGLAS COSTA de Souza"|"JUVENTUS"|1|2|1|5.5|0|1|5.5|0|0|0|0|0|0|0|0|0|0|0|0|0|0|0|0|21
565|18|"DUNCAN Alfred"|"SASSUOLO"|1|2|0|0.0|0|0|0.0|0|0|0|0|0|0|0|0|0|0|0|0|0|0|0|0|14
566|18|"DZEMAILI Blerim"|"BOLOGNA"|1|2|0|0.0|0|0|0.0|0|0|0|0|0|0|0|0|0|0|0|0|0|0|0|0|9
567|18|"EMMERS Xian"|"INTER"|0|2|0|0.0|0|0|0.0|0|0|0|0|0|0|0|0|0|0|0|0|0|0|0|0|1
568|18|"EVANGELISTA Lucas"|"UDINESE"|0|2|0|0.0|0|0|0.0|0|0|0|0|0|0|0|0|0|0|0|0|0|0|0|0|5
569|18|"EVERTON LUIZ Guimaraes Bilher"|"SPAL"|1|2|0|0.0|0|0|0.0|0|0|0|0|0|0|0|0|0|0|0|0|0|0|0|0|5
570|18|"EYSSERIC Valentin"|"FIORENTINA"|1|2|0|0.0|0|0|0.0|0|0|0|0|0|0|0|0|0|0|0|0|0|0|0|0|10
571|18|"FARES Mohamed"|"SPAL"|1|2|1|5.5|0|1|5.5|0|0|0|0|0|0|0|0|0|0|0|0|0|0|0|0|7
572|18|"FOFANA Seko"|"UDINESE"|1|2|1|5.5|0|1|5.5|0|0|0|0|0|0|0|0|0|0|0|0|0|0|0|0|12
573|18|"FRATTESI Davide"|"SASSUOLO"|0|2|0|0.0|0|0|0.0|0|0|0|0|0|0|0|0|0|0|0|0|0|0|0|0|1
574|18|"FREDIANI Marco"|"PARMA"|0|2|0|0.0|0|0|0.0|0|0|0|0|0|0|0|0|0|0|0|0|0|0|0|0|1
575|18|"FREULER Remo"|"ATALANTA"|1|2|1|6.0|0|1|6.5|0|0|0|0|0|1|0|0|0|0|0|0|0|0|0|0|19
576|18|"GAGLIARDINI Roberto"|"INTER"|1|2|0|0.0|0|0|0.0|0|0|0|0|0|0|0|0|0|0|0|0|0|0|0|0|13
577|18|"GARRITANO Luca"|"CHIEVO"|0|2|0|0.0|0|0|0.0|0|0|0|0|0|0|0|0|0|0|0|0|0|0|0|0|5
578|18|"GAUDINO Gianluca"|"CHIEVO"|0|2|0|0.0|0|0|0.0|0|0|0|0|0|0|0|0|0|0|0|0|0|0|0|0|4
579|18|"GERSON Santos Da Silva"|"FIORENTINA"|1|2|1|3.5|0|1|4.0|0|0|0|0|0|1|0|0|0|0|0|0|0|0|0|0|8
580|18|"GIACCHERINI Emanuele"|"CHIEVO"|1|2|1|6.0|0|1|6.0|0|0|0|0|0|0|0|0|0|0|0|0|0|0|0|0|16
581|18|"GIORNO Francesco"|"PARMA"|0|2|0|0.0|0|0|0.0|0|0|0|0|0|0|0|0|0|0|0|0|0|0|0|0|1
582|18|"GONALONS Maxime"|"ROMA"|0|2|0|0.0|0|0|0.0|0|0|0|0|0|0|0|0|0|0|0|0|0|0|0|0|6
583|18|"GORI Mirko"|"FROSINONE"|1|2|0|0.0|0|0|0.0|0|0|0|0|0|0|0|0|0|0|0|0|0|0|0|0|4
584|18|"GRASSI Alberto"|"PARMA"|1|2|0|0.0|0|0|0.0|0|0|0|0|0|0|0|0|0|0|0|0|0|0|0|0|9
585|18|"HAAS Nicolas"|"ATALANTA"|0|2|0|0.0|0|0|0.0|0|0|0|0|0|0|0|0|0|0|0|0|0|0|0|0|3
586|18|"HALILOVIC Alen"|"MILAN"|1|2|0|0.0|0|0|0.0|0|0|0|0|0|0|0|0|0|0|0|0|0|0|0|0|4
587|18|"HALLFREDSSON Emil"|"FROSINONE"|1|2|0|0.0|0|0|0.0|0|0|0|0|0|0|0|0|0|0|0|0|0|0|0|0|4
588|18|"HAMSIK Marek"|"NAPOLI"|1|2|1|6.0|0|1|6.0|0|0|0|0|0|0|0|0|0|0|0|0|0|0|0|0|19
589|18|"HETEMAJ Perparim"|"CHIEVO"|1|2|1|5.5|0|1|5.5|0|0|0|0|0|0|0|0|0|0|0|0|0|0|0|0|9
590|18|"HILJEMARK Oscar"|"GENOA"|1|2|1|6.0|0|1|6.0|0|0|0|0|0|0|0|0|0|0|0|0|0|0|0|0|11
591|18|"INGELSSON Svante"|"UDINESE"|1|2|0|0.0|0|0|0.0|0|0|0|0|0|0|0|0|0|0|0|0|0|0|0|0|3
592|18|"IONITA Artur"|"CAGLIARI"|1|2|1|6.0|0|1|6.0|0|0|0|0|0|0|0|0|0|0|0|0|0|0|0|0|13
593|18|"JANKTO Jakub"|"SAMPDORIA"|1|2|0|0.0|0|0|0.0|0|0|0|0|0|0|0|0|0|0|0|0|0|0|0|0|13
594|18|"JOAO PEDRO Geraldino Galvao"|"CAGLIARI"|1|2|0|0.0|0|0|0.0|0|0|0|0|0|0|0|0|0|0|0|0|0|0|0|0|22
595|18|"KATUMA Aron"|"SPAL"|1|2|0|0.0|0|0|0.0|0|0|0|0|0|0|0|0|0|0|0|0|0|0|0|0|1
596|18|"KESSIE Franck"|"MILAN"|1|2|1|5.0|0|1|5.0|0|0|0|0|0|0|0|0|0|0|0|0|0|0|0|0|19
597|18|"KHEDIRA Sami"|"JUVENTUS"|1|2|1|5.0|0|1|5.0|0|0|0|0|0|0|0|0|0|0|0|0|0|0|0|0|21
598|18|"KINGSLEY Michael"|"BOLOGNA"|0|2|0|0.0|0|0|0.0|0|0|0|0|0|0|0|0|0|0|0|0|0|0|0|0|1
599|18|"KIYINE Sofian"|"CHIEVO"|1|2|1|5.5|0|1|5.5|0|0|0|0|0|0|0|0|0|0|0|0|0|0|0|0|6
600|18|"KONÉ Moussa"|"FROSINONE"|0|2|0|0.0|0|0|0.0|0|0|0|0|0|0|0|0|0|0|0|0|0|0|0|0|4
601|18|"KREJCI Ladislav"|"BOLOGNA"|1|2|1|5.5|0|1|5.5|0|0|0|0|0|0|0|0|0|0|0|0|0|0|0|0|5
602|18|"KRUNIC Rade"|"EMPOLI"|1|2|1|4.0|0|1|5.0|0|0|0|0|0|0|1|0|0|0|0|0|0|0|0|0|17
603|18|"KULUSEVSKI Dejan"|"ATALANTA"|1|2|0|0.0|0|0|0.0|0|0|0|0|0|0|0|0|0|0|0|0|0|0|0|0|1
604|18|"KURTIC Jasmin"|"SPAL"|1|2|0|0.0|0|0|0.0|0|0|0|0|0|0|0|0|0|0|0|0|0|0|0|0|16
605|18|"LAXALT Diego"|"MILAN"|1|2|1|5.0|0|1|5.0|0|0|0|0|0|0|0|0|0|0|0|0|0|0|0|0|10
606|18|"LAZOVIC Darko"|"GENOA"|1|2|1|6.5|0|1|6.5|0|0|0|0|0|0|0|0|0|0|0|0|0|0|0|0|11
607|18|"LAZZARI Manuel"|"SPAL"|1|2|1|6.5|0|1|6.5|0|0|0|0|0|0|0|0|0|0|0|0|0|0|0|0|18
608|18|"LEIVA Lucas"|"LAZIO"|1|2|1|6.0|0|1|6.0|0|0|0|0|0|0|0|0|0|0|0|0|0|0|0|0|15
609|18|"LINETTY Karol"|"SAMPDORIA"|1|2|1|6.0|0|1|6.0|0|0|0|0|0|0|0|0|0|0|0|0|0|0|0|0|13
610|18|"LJAJIC Adem"|"TORINO"|0|2|0|0.0|0|0|0.0|0|0|0|0|0|0|0|0|0|0|0|0|0|0|0|0|22
611|18|"LOCATELLI Manuel"|"SASSUOLO"|1|2|1|7.0|0|1|6.0|0|0|0|0|1|0|0|0|0|0|0|0|0|0|0|0|7
612|18|"LOLLO Lorenzo"|"EMPOLI"|1|2|0|0.0|0|0|0.0|0|0|0|0|0|0|0|0|0|0|0|0|0|0|0|0|4
613|18|"LUKIC Sasa"|"TORINO"|1|2|1|6.0|0|1|6.0|0|0|0|0|0|0|0|0|0|0|0|0|0|0|0|0|5
614|18|"LULIC Senad"|"LAZIO"|1|2|1|11.0|0|1|7.0|1|0|0|0|0|0|0|0|0|0|0|0|0|0|0|0|19
615|18|"MAGNANELLI Francesco"|"SASSUOLO"|1|2|1|5.5|0|1|5.5|0|0|0|0|0|0|0|0|0|0|0|0|0|0|0|0|8
616|18|"MAIELLO Raffaele"|"FROSINONE"|1|2|1|6.0|0|1|6.0|0|0|0|0|0|0|0|0|0|0|0|0|0|0|0|0|6
617|18|"MANDRAGORA Rolando"|"UDINESE"|1|2|1|5.0|0|1|5.5|0|0|0|0|0|1|0|0|0|0|0|0|0|0|0|0|12
618|18|"MARCHISIO Claudio"|"JUVENTUS"|0|2|0|0.0|0|0|0.0|0|0|0|0|0|0|0|0|0|0|0|0|0|0|0|0|6
619|18|"MATUIDI Blaise"|"JUVENTUS"|1|2|0|0.0|0|0|0.0|0|0|0|0|0|0|0|0|0|0|0|0|0|0|0|0|18
620|18|"MAURI Josè"|"MILAN"|1|2|0|0.0|0|0|0.0|0|0|0|0|0|0|0|0|0|0|0|0|0|0|0|0|4
621|18|"MAZZITELLI Luca"|"GENOA"|1|2|0|0.0|0|0|0.0|0|0|0|0|0|0|0|0|0|0|0|0|0|0|0|0|6
622|18|"MEITE Soualiho"|"TORINO"|1|2|1|6.0|0|1|6.0|0|0|0|0|0|0|0|0|0|0|0|0|0|0|0|0|12
623|18|"MILINKOVIC Sergej"|"LAZIO"|1|2|1|5.5|0|1|5.5|0|0|0|0|0|0|0|0|0|0|0|0|0|0|0|0|21
624|18|"MINALA Joseph"|"LAZIO"|1|2|0|0.0|0|0|0.0|0|0|0|0|0|0|0|0|0|0|0|0|0|0|0|0|4
625|18|"MISSIROLI Simone"|"SPAL"|1|2|1|5.5|0|1|5.5|0|0|0|0|0|0|0|0|0|0|0|0|0|0|0|0|9
626|18|"MONTOLIVO Riccardo"|"MILAN"|1|2|0|0.0|0|0|0.0|0|0|0|0|0|0|0|0|0|0|0|0|0|0|0|0|4
627|18|"MURGIA Alessandro"|"LAZIO"|1|2|0|0.0|0|0|0.0|0|0|0|0|0|0|0|0|0|0|0|0|0|0|0|0|4
628|18|"NAGY Adam"|"BOLOGNA"|1|2|1|5.5|0|1|5.5|0|0|0|0|0|0|0|0|0|0|0|0|0|0|0|0|4
629|18|"NAINGGOLAN Radja"|"INTER"|1|2|0|0.0|0|0|0.0|0|0|0|0|0|0|0|0|0|0|0|0|0|0|0|0|23
630|18|"OBI Joel"|"CHIEVO"|1|2|1|6.0|0|1|6.0|0|0|0|0|0|0|0|0|0|0|0|0|0|0|0|0|12
631|18|"OMEONGA Stephane"|"GENOA"|1|2|0|0.0|0|0|0.0|0|0|0|0|0|0|0|0|0|0|0|0|0|0|0|0|4
632|18|"PADOIN Simone"|"CAGLIARI"|1|2|1|6.0|0|1|6.0|0|0|0|0|0|0|0|0|0|0|0|0|0|0|0|0|8
633|18|"PAGANINI Luca"|"FROSINONE"|1|2|0|0.0|0|0|0.0|0|0|0|0|0|0|0|0|0|0|0|0|0|0|0|0|4
634|18|"PARIGINI Vittorio"|"TORINO"|1|2|0|0.0|0|0|0.0|0|0|0|0|0|0|0|0|0|0|0|0|0|0|0|0|6
635|18|"PAROLO Marco"|"LAZIO"|1|2|1|6.0|0|1|6.0|0|0|0|0|0|0|0|0|0|0|0|0|0|0|0|0|20
636|18|"PASTORE Javier"|"ROMA"|1|2|1|5.5|0|1|5.5|0|0|0|0|0|0|0|0|0|0|0|0|0|0|0|0|23
637|18|"PELLEGRINI Lorenzo"|"ROMA"|1|2|0|0.0|0|0|0.0|0|0|0|0|0|0|0|0|0|0|0|0|0|0|0|0|17
638|18|"PERISIC Ivan"|"INTER"|1|2|1|5.0|0|1|5.0|0|0|0|0|0|0|0|0|0|0|0|0|0|0|0|0|22
639|18|"PEROTTI Diego"|"ROMA"|1|2|1|11.0|0|1|7.0|1|0|0|0|0|0|0|0|0|0|0|0|0|0|0|0|18
640|18|"PESSINA Matteo"|"ATALANTA"|1|2|1|6.0|0|1|6.0|0|0|0|0|0|0|0|0|0|0|0|0|0|0|0|0|4
641|18|"PJANIC Miralem"|"JUVENTUS"|1|2|1|6.5|0|1|6.5|0|0|0|0|0|0|0|0|0|0|0|0|0|0|0|0|20
642|18|"POLI Andrea"|"BOLOGNA"|1|2|1|6.0|0|1|6.0|0|0|0|0|0|0|0|0|0|0|0|0|0|0|0|0|13
643|18|"PONTISSO Simone"|"UDINESE"|1|2|0|0.0|0|0|0.0|0|0|0|0|0|0|0|0|0|0|0|0|0|0|0|0|1
644|18|"PRAET Dennis"|"SAMPDORIA"|1|2|1|6.0|0|1|6.0|0|0|0|0|0|0|0|0|0|0|0|0|0|0|0|0|15
645|18|"PULGAR Erick"|"BOLOGNA"|1|2|0|0.0|0|0|0.0|0|0|0|0|0|0|0|0|0|0|0|0|0|0|0|0|7
646|18|"RADOVANOVIC Ivan"|"CHIEVO"|1|2|1|5.5|0|1|5.5|0|0|0|0|0|0|0|0|0|0|0|0|0|0|0|0|9
647|18|"RAMIREZ Gastón"|"SAMPDORIA"|1|2|1|12.0|0|1|7.5|1|0|0|0|1|1|0|0|0|0|0|0|0|0|0|0|21
648|18|"RICCARDI Alessio"|"ROMA"|1|2|0|0.0|0|0|0.0|0|0|0|0|0|0|0|0|0|0|0|0|0|0|0|0|1
649|18|"RIGONI Luca"|"PARMA"|1|2|1|6.0|0|1|6.5|0|0|0|0|0|1|0|0|0|0|0|0|0|0|0|0|10
650|18|"RIGONI Nicola"|"CHIEVO"|1|2|0|0.0|0|0|0.0|0|0|0|0|0|0|0|0|0|0|0|0|0|0|0|0|5
651|18|"RINCON Tomas"|"TORINO"|1|2|1|6.5|0|1|7.0|0|0|0|0|0|1|0|0|0|0|0|0|0|0|0|0|11
652|18|"RIZZO Luca"|"BOLOGNA"|0|2|0|0.0|0|0|0.0|0|0|0|0|0|0|0|0|0|0|0|0|0|0|0|0|4
653|18|"ROG Marko"|"NAPOLI"|1|2|0|0.0|0|0|0.0|0|0|0|0|0|0|0|0|0|0|0|0|0|0|0|0|8
654|18|"ROMULO Orestes"|"GENOA"|1|2|0|0.0|0|0|0.0|0|0|0|0|0|0|0|0|0|0|0|0|0|0|0|0|13
655|18|"RUIZ Fabian"|"NAPOLI"|1|2|1|6.0|0|1|6.0|0|0|0|0|0|0|0|0|0|0|0|0|0|0|0|0|19
656|18|"SAMMARCO Paolo"|"FROSINONE"|1|2|0|0.0|0|0|0.0|0|0|0|0|0|0|0|0|0|0|0|0|0|0|0|0|4
657|18|"SANCHEZ Carlos"|"FIORENTINA"|0|2|0|0.0|0|0|0.0|0|0|0|0|0|0|0|0|0|0|0|0|0|0|0|0|5
658|18|"SANDRO Raniere"|"GENOA"|1|2|1|5.5|0|1|5.5|0|0|0|0|0|0|0|0|0|0|0|0|0|0|0|0|11
659|18|"SAPONARA Riccardo"|"SAMPDORIA"|1|2|1|5.0|0|1|5.0|0|0|0|0|0|0|0|0|0|0|0|0|0|0|0|0|15
660|18|"SCAVONE Manuel"|"PARMA"|0|2|0|0.0|0|0|0.0|0|0|0|0|0|0|0|0|0|0|0|0|0|0|0|0|6
661|18|"SCHETINO Andres"|"FIORENTINA"|0|2|0|0.0|0|0|0.0|0|0|0|0|0|0|0|0|0|0|0|0|0|0|0|0|2
662|18|"SCHIATTARELLA Pasquale"|"SPAL"|1|2|1|5.5|0|1|6.0|0|0|0|0|0|1|0|0|0|0|0|0|0|0|0|0|10
663|18|"SCOZZARELLA Matteo"|"PARMA"|1|2|1|6.5|0|1|6.5|0|0|0|0|0|0|0|0|0|0|0|0|0|0|0|0|7
664|18|"SENSI Stefano"|"SASSUOLO"|1|2|0|0.0|0|0|0.0|0|0|0|0|0|0|0|0|0|0|0|0|0|0|0|0|12
665|18|"SODDIMO Danilo"|"FROSINONE"|1|2|0|0.0|0|0|0.0|0|0|0|0|0|0|0|0|0|0|0|0|0|0|0|0|6
666|18|"STIJEPOVIC Ognjen"|"SAMPDORIA"|1|2|0|0.0|0|0|0.0|0|0|0|0|0|0|0|0|0|0|0|0|0|0|0|0|1
667|18|"STROOTMAN Kevin"|"ROMA"|0|2|0|0.0|0|0|0.0|0|0|0|0|0|0|0|0|0|0|0|0|0|0|0|0|13
668|18|"STULAC Leo"|"PARMA"|1|2|1|5.5|0|1|5.5|0|0|0|0|0|0|0|0|0|0|0|0|0|0|0|0|10
669|18|"STURARO Stefano"|"JUVENTUS"|0|2|0|0.0|0|0|0.0|0|0|0|0|0|0|0|0|0|0|0|0|0|0|0|0|4
670|18|"SVANBERG Mattias"|"BOLOGNA"|1|2|1|5.5|0|1|5.5|0|0|0|0|0|0|0|0|0|0|0|0|0|0|0|0|6
671|18|"TESSIORE Andrea"|"SAMPDORIA"|0|2|0|0.0|0|0|0.0|0|0|0|0|0|0|0|0|0|0|0|0|0|0|0|0|1
672|18|"TRAORÉ Hamed Junior"|"EMPOLI"|1|2|1|5.5|0|1|5.5|0|0|0|0|0|0|0|0|0|0|0|0|0|0|0|0|8
673|18|"VALDIFIORI Mirko"|"SPAL"|1|2|0|0.0|0|0|0.0|0|0|0|0|0|0|0|0|0|0|0|0|0|0|0|0|5
674|18|"VALENCIA Juan Manuel"|"BOLOGNA"|1|2|0|0.0|0|0|0.0|0|0|0|0|0|0|0|0|0|0|0|0|0|0|0|0|2
675|18|"VALOTI Mattia"|"SPAL"|1|2|1|5.0|0|1|5.0|0|0|0|0|0|0|0|0|0|0|0|0|0|0|0|0|8
676|18|"VALZANIA Luca"|"ATALANTA"|1|2|0|0.0|0|0|0.0|0|0|0|0|0|0|0|0|0|0|0|0|0|0|0|0|4
677|18|"VECINO Matias"|"INTER"|1|2|1|6.0|0|1|6.0|0|0|0|0|0|0|0|0|0|0|0|0|0|0|0|0|12
678|18|"VERETOUT Jordan"|"FIORENTINA"|1|2|1|5.0|0|1|5.0|0|0|0|0|0|0|0|0|0|0|0|0|0|0|0|0|21
679|18|"VERRE Valerio"|"SAMPDORIA"|0|2|0|0.0|0|0|0.0|0|0|0|0|0|0|0|0|0|0|0|0|0|0|0|0|4
680|18|"VIGNATO Emanuel"|"CHIEVO"|1|2|0|0.0|0|0|0.0|0|0|0|0|0|0|0|0|0|0|0|0|0|0|0|0|1
681|18|"VITALE Mattia"|"SPAL"|1|2|0|0.0|0|0|0.0|0|0|0|0|0|0|0|0|0|0|0|0|0|0|0|0|2
682|18|"VIVIANI Federico"|"SPAL"|1|2|0|0.0|0|0|0.0|0|0|0|0|0|0|0|0|0|0|0|0|0|0|0|0|6
683|18|"YOUNES Amin"|"NAPOLI"|1|2|0|0.0|0|0|0.0|0|0|0|0|0|0|0|0|0|0|0|0|0|0|0|0|7
684|18|"ZAJC Miha"|"EMPOLI"|1|2|1|5.5|0|1|5.5|0|0|0|0|0|0|0|0|0|0|0|0|0|0|0|0|16
685|18|"ZANIOLO Nicolò"|"ROMA"|1|2|1|11.5|0|1|7.5|1|0|0|0|0|0|0|0|0|0|0|0|0|0|0|0|6
686|18|"ZIELINSKI Piotr"|"NAPOLI"|1|2|1|5.5|0|1|5.5|0|0|0|0|0|0|0|0|0|0|0|0|0|0|0|0|19
687|18|"ÜNDER Cengiz"|"ROMA"|1|2|1|6.0|0|1|6.0|0|0|0|0|0|0|0|0|0|0|0|0|0|0|0|0|22
688|18|"PEETERS Daouda"|"SAMPDORIA"|1|2|0|0.0|0|0|0.0|0|0|0|0|0|0|0|0|0|0|0|0|0|0|0|0|1
689|18|"NORGAARD Christian"|"FIORENTINA"|1|2|0|0.0|0|0|0.0|0|0|0|0|0|0|0|0|0|0|0|0|0|0|0|0|5
690|18|"NETO Pedro"|"LAZIO"|1|2|0|0.0|0|0|0.0|0|0|0|0|0|0|0|0|0|0|0|0|0|0|0|0|1
691|18|"JORDAO Bruno"|"LAZIO"|1|2|0|0.0|0|0|0.0|0|0|0|0|0|0|0|0|0|0|0|0|0|0|0|0|1
692|18|"JOAO MARIO -"|"INTER"|1|2|1|6.5|0|1|6.5|0|0|0|0|0|0|0|0|0|0|0|0|0|0|0|0|13
693|18|"PASALIC Mario"|"ATALANTA"|1|2|1|6.0|0|1|6.0|0|0|0|0|0|0|0|0|0|0|0|0|0|0|0|0|13
694|18|"BRADARIC Filip"|"CAGLIARI"|1|2|0|0.0|0|0|0.0|0|0|0|0|0|0|0|0|0|0|0|0|0|0|0|0|8
695|18|"CORREA Carlos Joaquin"|"LAZIO"|1|2|1|6.0|0|1|6.0|0|0|0|0|0|0|0|0|0|0|0|0|0|0|0|0|19
696|18|"BADELJ Milan"|"LAZIO"|1|2|0|0.0|0|0|0.0|0|0|0|0|0|0|0|0|0|0|0|0|0|0|0|0|9
697|18|"VIEIRA Ronaldo"|"SAMPDORIA"|1|2|0|0.0|0|0|0.0|0|0|0|0|0|0|0|0|0|0|0|0|0|0|0|0|7
698|18|"NIKOLIC Lazar"|"SPAL"|1|2|0|0.0|0|0|0.0|0|0|0|0|0|0|0|0|0|0|0|0|0|0|0|0|1
699|18|"ROLON Esteban"|"GENOA"|1|2|1|5.5|0|1|6.0|0|0|0|0|0|1|0|0|0|0|0|0|0|0|0|0|4
700|18|"FURLAN Federico"|"SAMPDORIA"|0|2|0|0.0|0|0|0.0|0|0|0|0|0|0|0|0|0|0|0|0|0|0|0|0|5
701|18|"FERNANDES Edimilson"|"FIORENTINA"|1|2|1|5.5|0|1|5.5|0|0|0|0|0|0|0|0|0|0|0|0|0|0|0|0|7
702|18|"EKDAL Albin"|"SAMPDORIA"|1|2|1|6.5|0|1|6.5|0|0|0|0|0|0|0|0|0|0|0|0|0|0|0|0|11
703|18|"CARRIERO Giuseppe"|"PARMA"|1|2|0|0.0|0|0|0.0|0|0|0|0|0|0|0|0|0|0|0|0|0|0|0|0|1
704|18|"N'ZONZI Steven"|"ROMA"|1|2|1|6.5|0|1|6.5|0|0|0|0|0|0|0|0|0|0|0|0|0|0|0|0|13
705|18|"VLOET Rai"|"FROSINONE"|1|2|0|0.0|0|0|0.0|0|0|0|0|0|0|0|0|0|0|0|0|0|0|0|0|6
706|18|"BAKAYOKO Tiemoué"|"MILAN"|1|2|1|6.5|0|1|6.5|0|0|0|0|0|0|0|0|0|0|0|0|0|0|0|0|10
707|18|"CASTILLEJO Samu"|"MILAN"|1|2|1|5.5|0|1|5.5|0|0|0|0|0|0|0|0|0|0|0|0|0|0|0|0|14
708|18|"BURRUCHAGA Mauro"|"CHIEVO"|1|2|0|0.0|0|0|0.0|0|0|0|0|0|0|0|0|0|0|0|0|0|0|0|0|1
709|18|"ESPOSITO Salvatore"|"SPAL"|1|2|0|0.0|0|0|0.0|0|0|0|0|0|0|0|0|0|0|0|0|0|0|0|0|1
710|18|"RIGONI Emiliano"|"ATALANTA"|1|2|0|0.0|0|0|0.0|0|0|0|0|0|0|0|0|0|0|0|0|0|0|0|0|15
711|18|"COLPANI Andrea"|"ATALANTA"|1|2|0|0.0|0|0|0.0|0|0|0|0|0|0|0|0|0|0|0|0|0|0|0|0|1
712|18|"SORIANO Roberto"|"TORINO"|1|2|0|0.0|0|0|0.0|0|0|0|0|0|0|0|0|0|0|0|0|0|0|0|0|13
713|18|"UCAN Salih"|"EMPOLI"|1|2|0|0.0|0|0|0.0|0|0|0|0|0|0|0|0|0|0|0|0|0|0|0|0|7
714|18|"MUNARI Gianni"|"PARMA"|1|2|0|0.0|0|0|0.0|0|0|0|0|0|0|0|0|0|0|0|0|0|0|0|0|4
715|18|"MONTIEL Cristobal"|"FIORENTINA"|1|2|0|0.0|0|0|0.0|0|0|0|0|0|0|0|0|0|0|0|0|0|0|0|0|1
716|18|"ARAMU Mattia"|"TORINO"|0|2|0|0.0|0|0|0.0|0|0|0|0|0|0|0|0|0|0|0|0|0|0|0|0|3
717|18|"ERRICO Andrea"|"FROSINONE"|1|2|0|0.0|0|0|0.0|0|0|0|0|0|0|0|0|0|0|0|0|0|0|0|0|1
718|18|"VELOSO Miguel"|"GENOA"|1|2|0|0.0|0|0|0.0|0|0|0|0|0|0|0|0|0|0|0|0|0|0|0|0|7
800|18|"ANDRÉ SILVA Miguel Valente"|"MILAN"|0|3|0|0.0|0|0|0.0|0|0|0|0|0|0|0|0|0|0|0|0|0|0|0|0|15
801|18|"ANTENUCCI Mirco"|"SPAL"|1|3|0|0.0|0|0|0.0|0|0|0|0|0|0|0|0|0|0|0|0|0|0|0|0|17
802|18|"ASENCIO Raúl"|"GENOA"|0|3|0|0.0|0|0|0.0|0|0|0|0|0|0|0|0|0|0|0|0|0|0|0|0|7
803|18|"AVENATTI Felipe"|"BOLOGNA"|0|3|0|0.0|0|0|0.0|0|0|0|0|0|0|0|0|0|0|0|0|0|0|0|0|5
804|18|"BABACAR Khouma El"|"SASSUOLO"|1|3|1|9.0|0|1|6.0|1|0|0|0|0|0|0|0|0|0|0|0|0|0|0|0|21
805|18|"BACCA Carlos"|"MILAN"|0|3|0|0.0|0|0|0.0|0|0|0|0|0|0|0|0|0|0|0|0|0|0|0|0|16
806|18|"BAEZ Jaime"|"FIORENTINA"|0|3|0|0.0|0|0|0.0|0|0|0|0|0|0|0|0|0|0|0|0|0|0|0|0|3
807|18|"BARAYE Yves"|"PARMA"|1|3|0|0.0|0|0|0.0|0|0|0|0|0|0|0|0|0|0|0|0|0|0|0|0|4
808|18|"BARROW Musa"|"ATALANTA"|1|3|0|0.0|0|0|0.0|0|0|0|0|0|0|0|0|0|0|0|0|0|0|0|0|11
809|18|"BELOTTI Andrea"|"TORINO"|1|3|1|7.0|0|1|7.0|0|0|0|0|0|0|0|0|0|0|0|0|0|0|0|0|29
810|18|"BERARDI Domenico"|"SASSUOLO"|1|3|1|6.0|0|1|6.0|0|0|0|0|0|0|0|0|0|0|0|0|0|0|0|0|20
811|18|"BUTIC Karlo"|"TORINO"|0|3|0|0.0|0|0|0.0|0|0|0|0|0|0|0|0|0|0|0|0|0|0|0|0|3
812|18|"CAICEDO Felipe"|"LAZIO"|1|3|1|5.5|0|1|5.5|0|0|0|0|0|0|0|0|0|0|0|0|0|0|0|0|11
813|18|"CALAIÒ Emanuele"|"PARMA"|1|3|0|0.0|0|0|0.0|0|0|0|0|0|0|0|0|0|0|0|0|0|0|0|0|5
814|18|"CALLEJON Jose Maria"|"NAPOLI"|1|3|1|6.0|0|1|6.0|0|0|0|0|0|0|0|0|0|0|0|0|0|0|0|0|23
815|18|"CAPRARI Gianluca"|"SAMPDORIA"|1|3|1|6.0|0|1|6.0|0|0|0|0|0|0|0|0|0|0|0|0|0|0|0|0|18
816|18|"CAPUTO Francesco"|"EMPOLI"|1|3|1|5.5|0|1|5.5|0|0|0|0|0|0|0|0|0|0|0|0|0|0|0|0|26
817|18|"CERAVOLO Fabio"|"PARMA"|1|3|0|0.0|0|0|0.0|0|0|0|0|0|0|0|0|0|0|0|0|0|0|0|0|11
818|18|"CERRI Alberto"|"CAGLIARI"|1|3|0|0.0|0|0|0.0|0|0|0|0|0|0|0|0|0|0|0|0|0|0|0|0|10
819|18|"CIANO Camillo"|"FROSINONE"|1|3|1|6.5|0|1|6.5|0|0|0|0|0|0|0|0|0|0|0|0|0|0|0|0|18
820|18|"CICIRETTI Amato"|"PARMA"|1|3|0|0.0|0|0|0.0|0|0|0|0|0|0|0|0|0|0|0|0|0|0|0|0|8
821|18|"CIOFANI Daniel"|"FROSINONE"|1|3|0|0.0|0|0|0.0|0|0|0|0|0|0|0|0|0|0|0|0|0|0|0|0|13
822|18|"CITRO Nicola"|"FROSINONE"|0|3|0|0.0|0|0|0.0|0|0|0|0|0|0|0|0|0|0|0|0|0|0|0|0|7
823|18|"COLIDIO Facundo"|"INTER"|1|3|0|0.0|0|0|0.0|0|0|0|0|0|0|0|0|0|0|0|0|0|0|0|0|1
824|18|"CORNELIUS Andreas"|"ATALANTA"|0|3|0|0.0|0|0|0.0|0|0|0|0|0|0|0|0|0|0|0|0|0|0|0|0|8
825|18|"CUTRONE Patrick"|"MILAN"|1|3|1|5.0|0|1|5.0|0|0|0|0|0|0|0|0|0|0|0|0|0|0|0|0|22
826|18|"DA CRUZ Alessio"|"PARMA"|1|3|0|0.0|0|0|0.0|0|0|0|0|0|0|0|0|0|0|0|0|0|0|0|0|4
827|18|"DAMASCAN Vitalie"|"TORINO"|1|3|0|0.0|0|0|0.0|0|0|0|0|0|0|0|0|0|0|0|0|0|0|0|0|4
828|18|"DEFREL Gregoire"|"SAMPDORIA"|1|3|1|6.0|0|1|6.0|0|0|0|0|0|0|0|0|0|0|0|0|0|0|0|0|19
829|18|"DESTRO Mattia"|"BOLOGNA"|1|3|0|0.0|0|0|0.0|0|0|0|0|0|0|0|0|0|0|0|0|0|0|0|0|12
830|18|"DI FRANCESCO Federico"|"SASSUOLO"|1|3|1|6.0|0|1|6.0|0|0|0|0|0|0|0|0|0|0|0|0|0|0|0|0|15
831|18|"DI GAUDIO Antonio"|"PARMA"|1|3|0|0.0|0|0|0.0|0|0|0|0|0|0|0|0|0|0|0|0|0|0|0|0|10
832|18|"DIONISI Federico"|"FROSINONE"|1|3|0|0.0|0|0|0.0|0|0|0|0|0|0|0|0|0|0|0|0|0|0|0|0|6
833|18|"DJORDJEVIC Filip"|"CHIEVO"|1|3|0|0.0|0|0|0.0|0|0|0|0|0|0|0|0|0|0|0|0|0|0|0|0|11
834|18|"DYBALA Paulo"|"JUVENTUS"|1|3|1|6.0|0|1|6.0|0|0|0|0|0|0|0|0|0|0|0|0|0|0|0|0|29
835|18|"DZEKO Edin"|"ROMA"|1|3|1|6.0|0|1|6.0|0|0|0|0|0|0|0|0|0|0|0|0|0|0|0|0|26
836|18|"EDERA Simone"|"TORINO"|1|3|0|0.0|0|0|0.0|0|0|0|0|0|0|0|0|0|0|0|0|0|0|0|0|6
837|18|"EL SHAARAWY Stephan"|"ROMA"|1|3|0|0.0|0|0|0.0|0|0|0|0|0|0|0|0|0|0|0|0|0|0|0|0|25
838|18|"EWANDRO Felipe De Lima Costa"|"UDINESE"|0|3|0|0.0|0|0|0.0|0|0|0|0|0|0|0|0|0|0|0|0|0|0|0|0|4
839|18|"FALCINELLI Diego"|"BOLOGNA"|1|3|0|0.0|0|0|0.0|0|0|0|0|0|0|0|0|0|0|0|0|0|0|0|0|11
840|18|"FALLETTI Cesar"|"BOLOGNA"|0|3|0|0.0|0|0|0.0|0|0|0|0|0|0|0|0|0|0|0|0|0|0|0|0|8
841|18|"FANTACCI Tommaso"|"EMPOLI"|0|3|0|0.0|0|0|0.0|0|0|0|0|0|0|0|0|0|0|0|0|0|0|0|0|1
842|18|"FARIAS Diego"|"CAGLIARI"|1|3|1|9.0|0|1|6.5|1|0|0|0|0|1|0|0|0|0|0|0|0|0|0|0|13
843|18|"FAVILLI Andrea"|"GENOA"|1|3|1|6.0|0|1|6.0|0|0|0|0|0|0|0|0|0|0|0|0|0|0|0|0|6
844|18|"FINOTTO Mattia"|"SPAL"|0|3|0|0.0|0|0|0.0|0|0|0|0|0|0|0|0|0|0|0|0|0|0|0|0|5
845|18|"FLOCCARI Sergio"|"SPAL"|1|3|1|5.0|0|1|5.0|0|0|0|0|0|0|0|0|0|0|0|0|0|0|0|0|6
846|18|"GALABINOV Andrej"|"GENOA"|0|3|0|0.0|0|0|0.0|0|0|0|0|0|0|0|0|0|0|0|0|0|0|0|0|8
847|18|"GALUPPINI Francesco"|"PARMA"|0|3|0|0.0|0|0|0.0|0|0|0|0|0|0|0|0|0|0|0|0|0|0|0|0|1
848|18|"GIANNETTI Niccolò"|"CAGLIARI"|0|3|0|0.0|0|0|0.0|0|0|0|0|0|0|0|0|0|0|0|0|0|0|0|0|5
849|18|"GOMEZ Alejandro"|"ATALANTA"|1|3|1|8.0|0|1|7.0|0|0|0|0|1|0|0|0|0|0|0|0|0|0|0|0|24
850|18|"GRAICIAR Martin"|"FIORENTINA"|1|3|0|0.0|0|0|0.0|0|0|0|0|0|0|0|0|0|0|0|0|0|0|0|0|4
851|18|"HAN Kwang Song"|"CAGLIARI"|0|3|0|0.0|0|0|0.0|0|0|0|0|0|0|0|0|0|0|0|0|0|0|0|0|11
852|18|"HIGUAIN Gonzalo"|"MILAN"|1|3|1|4.5|0|1|4.5|0|0|0|0|0|0|0|0|0|0|0|0|0|0|0|0|27
853|18|"IAGO Falque"|"TORINO"|1|3|1|10.5|0|1|7.5|1|0|0|0|0|0|0|0|0|0|0|0|0|0|0|0|29
854|18|"ICARDI Mauro"|"INTER"|1|3|1|7.0|0|1|7.0|0|0|0|0|0|0|0|0|0|0|0|0|0|0|0|0|41
855|18|"ILICIC Josip"|"ATALANTA"|1|3|1|6.0|0|1|6.0|0|0|0|0|0|0|0|0|0|0|0|0|0|0|0|0|23
856|18|"IMMOBILE Ciro"|"LAZIO"|1|3|1|6.0|0|1|6.0|0|0|0|0|0|0|0|0|0|0|0|0|0|0|0|0|38
857|18|"INGLESE Roberto"|"PARMA"|1|3|1|9.5|0|1|7.0|1|0|0|0|0|1|0|0|0|0|0|0|0|0|0|0|21
858|18|"INSIGNE Roberto"|"NAPOLI"|0|3|0|0.0|0|0|0.0|0|0|0|0|0|0|0|0|0|0|0|0|0|0|0|0|5
859|18|"INSIGNE Lorenzo"|"NAPOLI"|1|3|1|3.0|0|1|4.0|0|0|0|0|0|0|1|0|0|0|0|0|0|0|0|0|31
860|18|"JAKUPOVIC Arnel"|"EMPOLI"|1|3|0|0.0|0|0|0.0|0|0|0|0|0|0|0|0|0|0|0|0|0|0|0|0|2
861|18|"KALINIC Nikola"|"MILAN"|0|3|0|0.0|0|0|0.0|0|0|0|0|0|0|0|0|0|0|0|0|0|0|0|0|13
862|18|"KARAMOH Yann"|"INTER"|0|3|0|0.0|0|0|0.0|0|0|0|0|0|0|0|0|0|0|0|0|0|0|0|0|12
863|18|"KLUIVERT Justin"|"ROMA"|1|3|1|6.5|0|1|6.5|0|0|0|0|0|0|0|0|0|0|0|0|0|0|0|0|20
864|18|"KOUAMÉ Christian"|"GENOA"|1|3|1|6.0|0|1|6.0|0|0|0|0|0|0|0|0|0|0|0|0|0|0|0|0|19
865|18|"KOWNACKI Dawid"|"SAMPDORIA"|1|3|0|0.0|0|0|0.0|0|0|0|0|0|0|0|0|0|0|0|0|0|0|0|0|12
866|18|"LA GUMINA Antonino"|"EMPOLI"|1|3|1|5.5|0|1|5.5|0|0|0|0|0|0|0|0|0|0|0|0|0|0|0|0|14
867|18|"LAPADULA Gianluca"|"GENOA"|1|3|0|0.0|0|0|0.0|0|0|0|0|0|0|0|0|0|0|0|0|0|0|0|0|9
868|18|"LASAGNA Kevin"|"UDINESE"|1|3|1|5.5|0|1|5.5|0|0|0|0|0|0|0|0|0|0|0|0|0|0|0|0|20
869|18|"LERIS Mehdi"|"CHIEVO"|1|3|1|5.5|0|1|5.5|0|0|0|0|0|0|0|0|0|0|0|0|0|0|0|0|4
870|18|"LOMBARDI Cristiano"|"LAZIO"|1|3|0|0.0|0|0|0.0|0|0|0|0|0|0|0|0|0|0|0|0|0|0|0|0|3
871|18|"LUIS ALBERTO Romero Alconchel"|"LAZIO"|1|3|1|8.0|0|1|7.0|0|0|0|0|1|0|0|0|0|0|0|0|0|0|0|0|24
872|18|"MACHIS Darwin"|"UDINESE"|1|3|0|0.0|0|0|0.0|0|0|0|0|0|0|0|0|0|0|0|0|0|0|0|0|7
873|18|"MALLÉ Aly"|"UDINESE"|1|3|0|0.0|0|0|0.0|0|0|0|0|0|0|0|0|0|0|0|0|0|0|0|0|2
874|18|"MANDZUKIC Mario"|"JUVENTUS"|1|3|1|6.5|0|1|6.0|0|0|0|0|1|1|0|0|0|0|0|0|0|0|0|0|28
875|18|"MARTINEZ Lautaro"|"INTER"|1|3|1|9.5|0|1|7.0|1|0|0|0|0|1|0|0|0|0|0|0|0|0|0|0|24
876|18|"MATARESE Luca"|"FROSINONE"|1|3|0|0.0|0|0|0.0|0|0|0|0|0|0|0|0|0|0|0|0|0|0|0|0|2
877|18|"MATRI Alessandro"|"SASSUOLO"|1|3|0|0.0|0|0|0.0|0|0|0|0|0|0|0|0|0|0|0|0|0|0|0|0|10
878|18|"MCHEDLIDZE Levan"|"EMPOLI"|1|3|0|0.0|0|0|0.0|0|0|0|0|0|0|0|0|0|0|0|0|0|0|0|0|5
879|18|"MEDEIROS Iuri"|"GENOA"|1|3|0|0.0|0|0|0.0|0|0|0|0|0|0|0|0|0|0|0|0|0|0|0|0|10
880|18|"MEGGIORINI Riccardo"|"CHIEVO"|1|3|1|5.5|0|1|5.5|0|0|0|0|0|0|0|0|0|0|0|0|0|0|0|0|9
881|18|"MERTENS Dries"|"NAPOLI"|1|3|1|5.5|0|1|5.5|0|0|0|0|0|0|0|0|0|0|0|0|0|0|0|0|35
882|18|"MICIN Petar"|"UDINESE"|1|3|0|0.0|0|0|0.0|0|0|0|0|0|0|0|0|0|0|0|0|0|0|0|0|4
883|18|"MILIK Arkadiusz"|"NAPOLI"|1|3|1|5.0|0|1|5.0|0|0|0|0|0|0|0|0|0|0|0|0|0|0|0|0|31
884|18|"MRAZ Samuel"|"EMPOLI"|1|3|1|5.0|0|1|5.0|0|0|0|0|0|0|0|0|0|0|0|0|0|0|0|0|8
885|18|"MURANO Jacopo"|"SPAL"|0|3|0|0.0|0|0|0.0|0|0|0|0|0|0|0|0|0|0|0|0|0|0|0|0|2
886|18|"NIANG M'Baye"|"TORINO"|0|3|0|0.0|0|0|0.0|0|0|0|0|0|0|0|0|0|0|0|0|0|0|0|0|13
887|18|"ODGAARD Jens"|"SASSUOLO"|1|3|0|0.0|0|0|0.0|0|0|0|0|0|0|0|0|0|0|0|0|0|0|0|0|1
888|18|"OKWONKWO Orji"|"BOLOGNA"|1|3|1|5.0|0|1|5.0|0|0|0|0|0|0|0|0|0|0|0|0|0|0|0|0|7
889|18|"ORSOLINI Riccardo"|"BOLOGNA"|1|3|1|5.5|0|1|5.5|0|0|0|0|0|0|0|0|0|0|0|0|0|0|0|0|14
890|18|"OUNAS Adam"|"NAPOLI"|1|3|0|0.0|0|0|0.0|0|0|0|0|0|0|0|0|0|0|0|0|0|0|0|0|11
891|18|"PALACIO Rodrigo"|"BOLOGNA"|1|3|1|5.0|0|1|5.5|0|0|0|0|0|1|0|0|0|0|0|0|0|0|0|0|13
892|18|"PALOSCHI Alberto"|"SPAL"|1|3|0|0.0|0|0|0.0|0|0|0|0|0|0|0|0|0|0|0|0|0|0|0|0|15
893|18|"PANDEV Goran"|"GENOA"|1|3|0|0.0|0|0|0.0|0|0|0|0|0|0|0|0|0|0|0|0|0|0|0|0|15
894|18|"PAVOLETTI Leonardo"|"CAGLIARI"|1|3|1|7.0|0|1|7.0|0|0|0|0|0|0|0|0|0|0|0|0|0|0|0|0|26
895|18|"PELLISSIER Sergio"|"CHIEVO"|1|3|0|0.0|0|0|0.0|0|0|0|0|0|0|0|0|0|0|0|0|0|0|0|0|14
896|18|"PERICA Stipe"|"FROSINONE"|1|3|0|0.0|0|0|0.0|0|0|0|0|0|0|0|0|0|0|0|0|0|0|0|0|6
897|18|"PETAGNA Andrea"|"SPAL"|1|3|1|6.0|0|1|6.0|0|0|0|0|0|0|0|0|0|0|0|0|0|0|0|0|16
898|18|"PETKOVIC Bruno"|"BOLOGNA"|0|3|0|0.0|0|0|0.0|0|0|0|0|0|0|0|0|0|0|0|0|0|0|0|0|7
899|18|"PIATEK Krzysztof"|"GENOA"|1|3|1|5.5|0|1|6.0|0|0|0|0|0|1|0|0|0|0|0|0|0|0|0|0|29
900|18|"PJACA Marko"|"FIORENTINA"|1|3|1|5.0|0|1|5.0|0|0|0|0|0|0|0|0|0|0|0|0|0|0|0|0|12
901|18|"POLITANO Matteo"|"INTER"|1|3|1|6.0|0|1|6.0|0|0|0|0|0|0|0|0|0|0|0|0|0|0|0|0|21
902|18|"PUCCIARELLI Manuel"|"CHIEVO"|1|3|0|0.0|0|0|0.0|0|0|0|0|0|0|0|0|0|0|0|0|0|0|0|0|5
903|18|"PUSSETTO Ignacio"|"UDINESE"|1|3|1|5.0|0|1|5.0|0|0|0|0|0|0|0|0|0|0|0|0|0|0|0|0|14
904|18|"QUAGLIARELLA Fabio"|"SAMPDORIA"|1|3|1|11.0|0|1|8.0|1|0|0|0|0|0|0|0|0|0|0|0|0|0|0|0|38
905|18|"RODRIGUEZ Alejandro"|"EMPOLI"|1|3|0|0.0|0|0|0.0|0|0|0|0|0|0|0|0|0|0|0|0|0|0|0|0|4
906|18|"RONALDO Cristiano"|"JUVENTUS"|1|3|1|10.0|0|1|7.0|1|0|0|0|0|0|0|0|0|0|0|0|0|0|0|0|57
907|18|"SALCEDO Eddie Mora"|"INTER"|1|3|0|0.0|0|0|0.0|0|0|0|0|0|0|0|0|0|0|0|0|0|0|0|0|1
908|18|"SANTANDER Federico"|"BOLOGNA"|1|3|1|5.0|0|1|5.0|0|0|0|0|0|0|0|0|0|0|0|0|0|0|0|0|16
909|18|"SAU Marco"|"CAGLIARI"|1|3|0|5.5|0|0|0.0|0|0|0|0|0|0|0|0|0|0|0|0|0|0|0|0|11
910|18|"SCAMACCA Gianluca"|"SASSUOLO"|0|3|0|0.0|0|0|0.0|0|0|0|0|0|0|0|0|0|0|0|0|0|0|0|0|3
911|18|"SCHICK Patrik"|"ROMA"|1|3|1|10.5|0|1|7.5|1|0|0|0|0|0|0|0|0|0|0|0|0|0|0|0|16
912|18|"SILIGARDI Luca"|"PARMA"|1|3|1|6.0|0|1|6.0|0|0|0|0|0|0|0|0|0|0|0|0|0|0|0|0|9
913|18|"SIMEONE Giovanni"|"FIORENTINA"|1|3|1|4.5|0|1|4.5|0|0|0|0|0|0|0|0|0|0|0|0|0|0|0|0|21
914|18|"SOTTIL Riccardo"|"FIORENTINA"|1|3|0|0.0|0|0|0.0|0|0|0|0|0|0|0|0|0|0|0|0|0|0|0|0|1
915|18|"SPINELLI Claudio"|"GENOA"|0|3|0|0.0|0|0|0.0|0|0|0|0|0|0|0|0|0|0|0|0|0|0|0|0|10
916|18|"SPROCATI Mattia"|"PARMA"|1|3|0|0.0|0|0|0.0|0|0|0|0|0|0|0|0|0|0|0|0|0|0|0|0|4
917|18|"STEPINSKI Mariusz"|"CHIEVO"|1|3|1|5.0|0|1|5.0|0|0|0|0|0|0|0|0|0|0|0|0|0|0|0|0|15
918|18|"SUSO Jesus Fernandez Saez"|"MILAN"|1|3|0|0.0|0|0|0.0|0|0|0|0|0|0|0|0|0|0|0|0|0|0|0|0|26
919|18|"THEREAU Cyril"|"FIORENTINA"|1|3|0|0.0|0|0|0.0|0|0|0|0|0|0|0|0|0|0|0|0|0|0|0|0|10
920|18|"TROTTA Marcello"|"SASSUOLO"|1|3|0|0.0|0|0|0.0|0|0|0|0|0|0|0|0|0|0|0|0|0|0|0|0|6
921|18|"TUMMINELLO Marco"|"ATALANTA"|1|3|0|0.0|0|0|0.0|0|0|0|0|0|0|0|0|0|0|0|0|0|0|0|0|4
922|18|"VERDE Daniele"|"ROMA"|0|3|0|0.0|0|0|0.0|0|0|0|0|0|0|0|0|0|0|0|0|0|0|0|0|8
923|18|"VERDI Simone"|"NAPOLI"|1|3|0|0.0|0|0|0.0|0|0|0|0|0|0|0|0|0|0|0|0|0|0|0|0|18
924|18|"VINICIUS Morais"|"NAPOLI"|0|3|0|0.0|0|0|0.0|0|0|0|0|0|0|0|0|0|0|0|0|0|0|0|0|3
925|18|"VIZEU Felipe"|"UDINESE"|1|3|0|0.0|0|0|0.0|0|0|0|0|0|0|0|0|0|0|0|0|0|0|0|0|9
926|18|"VLAHOVIC Dusan"|"FIORENTINA"|1|3|0|0.0|0|0|0.0|0|0|0|0|0|0|0|0|0|0|0|0|0|0|0|0|2
927|18|"ZANIMACCHIA Luca"|"GENOA"|0|3|0|0.0|0|0|0.0|0|0|0|0|0|0|0|0|0|0|0|0|0|0|0|0|1
928|18|"ZAPATA Duvan"|"ATALANTA"|1|3|1|13.5|0|1|8.0|2|0|0|0|0|1|0|0|0|0|0|0|0|0|0|0|33
929|18|"ZEKHNINI Rafik"|"FIORENTINA"|0|3|0|0.0|0|0|0.0|0|0|0|0|0|0|0|0|0|0|0|0|0|0|0|0|2
930|18|"BOGA Jeremie"|"SASSUOLO"|1|3|0|0.0|0|0|0.0|0|0|0|0|0|0|0|0|0|0|0|0|0|0|0|0|10
931|18|"ROSSI Alessandro"|"LAZIO"|1|3|0|0.0|0|0|0.0|0|0|0|0|0|0|0|0|0|0|0|0|0|0|0|0|4
932|18|"MONCINI Gabriele"|"SPAL"|1|3|0|0.0|0|0|0.0|0|0|0|0|0|0|0|0|0|0|0|0|0|0|0|0|4
933|18|"KEAN Moise"|"JUVENTUS"|1|3|0|0.0|0|0|0.0|0|0|0|0|0|0|0|0|0|0|0|0|0|0|0|0|4
934|18|"PINAMONTI Andrea"|"FROSINONE"|1|3|1|6.0|0|1|6.0|0|0|0|0|0|0|0|0|0|0|0|0|0|0|0|0|8
935|18|"BRIGNOLA Enrico"|"SASSUOLO"|1|3|1|5.0|0|1|5.0|0|0|0|0|0|0|0|0|0|0|0|0|0|0|0|0|9
936|18|"GALANO Cristian"|"PARMA"|0|3|0|0.0|0|0|0.0|0|0|0|0|0|0|0|0|0|0|0|0|0|0|0|0|12
937|18|"BIABIANY Jonathan"|"PARMA"|1|2|1|6.5|0|1|7.0|0|0|0|0|0|1|0|0|0|0|0|0|0|0|0|0|9
938|18|"DALMONTE Nicola"|"GENOA"|1|3|0|0.0|0|0|0.0|0|0|0|0|0|0|0|0|0|0|0|0|0|0|0|0|4
939|18|"MIRALLAS Kevin"|"FIORENTINA"|1|3|0|0.0|0|0|0.0|0|0|0|0|0|0|0|0|0|0|0|0|0|0|0|0|17
940|18|"KEITA Balde Diao"|"INTER"|1|3|1|6.5|0|1|6.5|0|0|0|0|0|0|0|0|0|0|0|0|0|0|0|0|22
941|18|"CAMPBELL Joel"|"FROSINONE"|1|3|0|0.0|0|0|0.0|0|0|0|0|0|0|0|0|0|0|0|0|0|0|0|0|9
942|18|"GERVINHO "|"PARMA"|1|3|0|0.0|0|0|0.0|0|0|0|0|0|0|0|0|0|0|0|0|0|0|0|0|23
943|18|"ZAZA Simone"|"TORINO"|1|3|1|6.0|0|1|6.0|0|0|0|0|0|0|0|0|0|0|0|0|0|0|0|0|15
944|18|"TEODORCZYK Lukasz"|"UDINESE"|1|3|0|0.0|0|0|0.0|0|0|0|0|0|0|0|0|0|0|0|0|0|0|0|0|13
945|18|"ARDAIZ Joaquin"|"FROSINONE"|1|3|0|0.0|0|0|0.0|0|0|0|0|0|0|0|0|0|0|0|0|0|0|0|0|4
946|18|"GRUBAC Sergej"|"CHIEVO"|1|3|0|0.0|0|0|0.0|0|0|0|0|0|0|0|0|0|0|0|0|0|0|0|0|1
947|18|"JUWARA Musa"|"CHIEVO"|1|3|0|0.0|0|0|0.0|0|0|0|0|0|0|0|0|0|0|0|0|0|0|0|0|1
948|18|"MASTAJ Davide"|"PARMA"|0|3|0|0.0|0|0|0.0|0|0|0|0|0|0|0|0|0|0|0|0|0|0|0|0|1
