100|12|"ARESTI Simone"|"CAGLIARI"|1|0|0|0.0|0|0|0.0|0|0|0|0|0|0|0|0|0|0|0|0|0|0|0|0|1
101|12|"AUDERO Emil"|"SAMPDORIA"|1|0|1|1.0|0|1|5.0|0|4|0|0|0|0|0|0|0|0|0|0|0|0|0|0|13
102|12|"BARDI Francesco"|"FROSINONE"|1|0|0|0.0|0|0|0.0|0|0|0|0|0|0|0|0|0|0|0|0|0|0|0|0|1
103|12|"BELEC Vid"|"SAMPDORIA"|1|0|0|0.0|0|0|0.0|0|0|0|0|0|0|0|0|0|0|0|0|0|0|0|0|1
104|12|"BERISHA Etrit"|"ATALANTA"|1|0|1|5.0|0|1|6.0|0|1|0|0|0|0|0|0|0|0|0|0|0|0|0|0|15
105|12|"BERNI Tommaso"|"INTER"|1|0|0|0.0|0|0|0.0|0|0|0|0|0|0|0|0|0|0|0|0|0|0|0|0|1
106|12|"CONSIGLI Andrea"|"SASSUOLO"|1|0|1|5.5|0|1|6.5|0|1|0|0|0|0|0|0|0|0|0|0|0|0|0|0|15
107|12|"CONTINI Nikita"|"NAPOLI"|0|0|0|0.0|0|0|0.0|0|0|0|0|0|0|0|0|0|0|0|0|0|0|0|0|1
108|12|"CRAGNO Alessio"|"CAGLIARI"|1|0|1|4.5|0|1|6.5|0|2|0|0|0|0|0|0|0|0|0|0|0|0|0|0|16
109|12|"DA COSTA Angelo"|"BOLOGNA"|1|0|0|0.0|0|0|0.0|0|0|0|0|0|0|0|0|0|0|0|0|0|0|0|0|1
110|12|"DAGA Riccardo"|"CAGLIARI"|1|0|0|0.0|0|0|0.0|0|0|0|0|0|0|0|0|0|0|0|0|0|0|0|0|1
111|12|"DINI Andrea"|"PARMA"|0|0|0|0.0|0|0|0.0|0|0|0|0|0|0|0|0|0|0|0|0|0|0|0|0|1
112|12|"DONNARUMMA Gianluigi"|"MILAN"|1|0|1|4.0|0|1|6.0|0|2|0|0|0|0|0|0|0|0|0|0|0|0|0|0|14
113|12|"DONNARUMMA Antonio"|"MILAN"|1|0|0|0.0|0|0|0.0|0|0|0|0|0|0|0|0|0|0|0|0|0|0|0|0|1
114|12|"DRAGOWSKI Bartlomiej"|"FIORENTINA"|1|0|0|0.0|0|0|0.0|0|0|0|0|0|0|0|0|0|0|0|0|0|0|0|0|3
115|12|"FALCONE Wladimiro"|"SAMPDORIA"|0|0|0|0.0|0|0|0.0|0|0|0|0|0|0|0|0|0|0|0|0|0|0|0|0|1
116|12|"FRATTALI Pierluigi"|"PARMA"|1|0|0|0.0|0|0|0.0|0|0|0|0|0|0|0|0|0|0|0|0|0|0|0|0|1
117|12|"FUZATO Daniel"|"ROMA"|1|0|0|0.0|0|0|0.0|0|0|0|0|0|0|0|0|0|0|0|0|0|0|0|0|1
118|12|"GASPARINI Manuel"|"UDINESE"|1|0|0|0.0|0|0|0.0|0|0|0|0|0|0|0|0|0|0|0|0|0|0|0|0|1
119|12|"GIACOMEL Alessandro"|"EMPOLI"|0|0|0|0.0|0|0|0.0|0|0|0|0|0|0|0|0|0|0|0|0|0|0|0|0|1
120|12|"GOLLINI Pierluigi"|"ATALANTA"|1|0|0|0.0|0|0|0.0|0|0|0|0|0|0|0|0|0|0|0|0|0|0|0|0|5
121|12|"GOMIS Alfred"|"SPAL"|1|0|1|4.0|0|1|6.0|0|2|0|0|0|0|0|0|0|0|0|0|0|0|0|0|7
122|12|"GUERRIERI Guido"|"LAZIO"|1|0|0|0.0|0|0|0.0|0|0|0|0|0|0|0|0|0|0|0|0|0|0|0|0|1
123|12|"HANDANOVIC Samir"|"INTER"|1|0|1|3.0|0|1|7.0|0|4|0|0|0|0|0|0|0|0|0|0|0|0|0|0|20
124|12|"ICHAZO Salvador"|"TORINO"|1|0|0|0.0|0|0|0.0|0|0|0|0|0|0|0|0|0|0|0|0|0|0|0|0|1
125|12|"KARNEZIS Orestis"|"NAPOLI"|1|0|0|0.0|0|0|0.0|0|0|0|0|0|0|0|0|0|0|0|0|0|0|0|0|8
126|12|"LAFONT Alban"|"FIORENTINA"|1|0|1|5.0|0|1|6.0|0|1|0|0|0|0|0|0|0|0|0|0|0|0|0|0|14
127|12|"MARCHETTI Federico"|"GENOA"|1|0|0|0.0|0|0|0.0|0|0|0|0|0|0|0|0|0|0|0|0|0|0|0|0|8
128|12|"MERET Alex"|"NAPOLI"|1|0|0|0.0|0|0|0.0|0|0|0|0|0|0|0|0|0|0|0|0|0|0|0|0|9
129|12|"MILINKOVIC Vanja"|"SPAL"|1|0|0|0.0|0|0|0.0|0|0|0|0|0|0|0|0|0|0|0|0|0|0|0|0|6
130|12|"MIRANTE Antonio"|"ROMA"|1|0|0|0.0|0|0|0.0|0|0|0|0|0|0|0|0|0|0|0|0|0|0|0|0|1
131|12|"MUSSO Juan"|"UDINESE"|1|0|1|4.0|0|1|6.0|0|2|0|0|0|0|0|0|0|0|0|0|0|0|0|0|7
132|12|"PADELLI Daniele"|"INTER"|1|0|0|0.0|0|0|0.0|0|0|0|0|0|0|0|0|0|0|0|0|0|0|0|0|1
133|12|"PAVONI Filippo"|"CHIEVO"|0|0|0|0.0|0|0|0.0|0|0|0|0|0|0|0|0|0|0|0|0|0|0|0|0|1
134|12|"PEGOLO Gianluca"|"SASSUOLO"|1|0|0|0.0|0|0|0.0|0|0|0|0|0|0|0|0|0|0|0|0|0|0|0|0|1
135|12|"PERIN Mattia"|"JUVENTUS"|1|0|0|0.0|0|0|0.0|0|0|0|0|0|0|0|0|0|0|0|0|0|0|0|0|3
136|12|"PINSOGLIO Carlo"|"JUVENTUS"|1|0|0|0.0|0|0|0.0|0|0|0|0|0|0|0|0|0|0|0|0|0|0|0|0|1
137|12|"PLIZZARI Alessandro"|"MILAN"|1|0|0|0.0|0|0|0.0|0|0|0|0|0|0|0|0|0|0|0|0|0|0|0|0|1
138|12|"POLUZZI Giacomo"|"SPAL"|1|0|0|0.0|0|0|0.0|0|0|0|0|0|0|0|0|0|0|0|0|0|0|0|0|1
139|12|"PROTO Silvio"|"LAZIO"|1|0|0|0.0|0|0|0.0|0|0|0|0|0|0|0|0|0|0|0|0|0|0|0|0|1
140|12|"PROVEDEL Ivan"|"EMPOLI"|1|0|1|6.5|0|1|7.5|0|1|0|0|0|0|0|0|0|0|0|0|0|0|0|0|6
141|12|"RADU Ionut"|"GENOA"|1|0|1|4.5|0|1|6.5|0|2|0|0|0|0|0|0|0|0|0|0|0|0|0|0|3
142|12|"RADUNOVIC Boris"|"ATALANTA"|0|0|0|0.0|0|0|0.0|0|0|0|0|0|0|0|0|0|0|0|0|0|0|0|0|1
143|12|"RAFAEL De Andrade Bittencourt"|"CAGLIARI"|1|0|0|0.0|0|0|0.0|0|0|0|0|0|0|0|0|0|0|0|0|0|0|0|0|1
144|12|"REINA Pepe"|"MILAN"|1|0|0|0.0|0|0|0.0|0|0|0|0|0|0|0|0|0|0|0|0|0|0|0|0|3
145|12|"ROSATI Antonio"|"TORINO"|1|0|0|0.0|0|0|0.0|0|0|0|0|0|0|0|0|0|0|0|0|0|0|0|0|1
146|12|"ROSSI Francesco"|"ATALANTA"|1|0|0|0.0|0|0|0.0|0|0|0|0|0|0|0|0|0|0|0|0|0|0|0|0|1
147|12|"SANTURRO Antonio"|"BOLOGNA"|1|0|0|0.0|0|0|0.0|0|0|0|0|0|0|0|0|0|0|0|0|0|0|0|0|1
148|12|"SATALINO Giacomo"|"SASSUOLO"|1|0|0|0.0|0|0|0.0|0|0|0|0|0|0|0|0|0|0|0|0|0|0|0|0|1
149|12|"SCUFFET Simone"|"UDINESE"|1|0|0|0.0|0|0|0.0|0|0|0|0|0|0|0|0|0|0|0|0|0|0|0|0|6
150|12|"SECULIN Andrea"|"CHIEVO"|1|0|0|0.0|0|0|0.0|0|0|0|0|0|0|0|0|0|0|0|0|0|0|0|0|2
151|12|"SEPE Luigi"|"PARMA"|1|0|1|4.5|0|1|6.0|0|1|0|0|0|1|0|0|0|0|0|0|0|0|0|0|14
152|12|"SIRIGU Salvatore"|"TORINO"|1|0|1|4.5|0|1|6.5|0|2|0|0|0|0|0|0|0|0|0|0|0|0|0|0|18
153|12|"SKORUPSKI Lukasz"|"BOLOGNA"|1|0|1|4.0|0|1|6.0|0|2|0|0|0|0|0|0|0|0|0|0|0|0|0|0|13
154|12|"SORRENTINO Stefano"|"CHIEVO"|1|0|1|5.0|0|1|7.0|0|2|0|0|0|0|0|0|0|0|0|0|0|0|0|0|12
155|12|"SPORTIELLO Marco"|"FROSINONE"|1|0|1|6.5|0|1|7.5|0|1|0|0|0|0|0|0|0|0|0|0|0|0|0|0|10
156|12|"STRAKOSHA Thomas"|"LAZIO"|1|0|1|4.5|0|1|5.5|0|1|0|0|0|0|0|0|0|0|0|0|0|0|0|0|14
157|12|"SZCZESNY Wojciech"|"JUVENTUS"|1|0|1|10.0|0|1|7.0|0|0|0|0|0|0|0|0|0|1|0|0|0|0|0|0|22
158|12|"TERRACCIANO Pietro"|"EMPOLI"|1|0|0|0.0|0|0|0.0|0|0|0|0|0|0|0|0|0|0|0|0|0|0|0|0|7
159|12|"TOZZO Andrea"|"SAMPDORIA"|0|0|0|0.0|0|0|0.0|0|0|0|0|0|0|0|0|0|0|0|0|0|0|0|0|1
160|12|"VIGORITO Mauro"|"FROSINONE"|0|0|0|0.0|0|0|0.0|0|0|0|0|0|0|0|0|0|0|0|0|0|0|0|0|1
161|12|"VODISEK Rok"|"GENOA"|1|0|0|0.0|0|0|0.0|0|0|0|0|0|0|0|0|0|0|0|0|0|0|0|0|1
162|12|"ZACCAGNO Andrea"|"TORINO"|0|0|0|0.0|0|0|0.0|0|0|0|0|0|0|0|0|0|0|0|0|0|0|0|0|1
163|12|"RAFAEL Cabral"|"SAMPDORIA"|1|0|0|0.0|0|0|0.0|0|0|0|0|0|0|0|0|0|0|0|0|0|0|0|0|1
164|12|"OLSEN Robin"|"ROMA"|1|0|1|5.0|0|1|6.0|0|1|0|0|0|0|0|0|0|0|0|0|0|0|0|0|17
165|12|"FULIGNATI Andrea"|"EMPOLI"|1|0|0|0.0|0|0|0.0|0|0|0|0|0|0|0|0|0|0|0|0|0|0|0|0|1
166|12|"NICOLAS Andrade"|"UDINESE"|1|0|0|0.0|0|0|0.0|0|0|0|0|0|0|0|0|0|0|0|0|0|0|0|0|1
167|12|"IACOBUCCI Alessandro"|"FROSINONE"|1|0|0|0.0|0|0|0.0|0|0|0|0|0|0|0|0|0|0|0|0|0|0|0|0|1
168|12|"SEMPER Adrian"|"CHIEVO"|1|0|0|0.0|0|0|0.0|0|0|0|0|0|0|0|0|0|0|0|0|0|0|0|0|1
169|12|"BAGHERIA Fabrizio"|"PARMA"|1|0|0|0.0|0|0|0.0|0|0|0|0|0|0|0|0|0|0|0|0|0|0|0|0|1
170|12|"OSPINA David"|"NAPOLI"|1|0|1|5.5|0|1|6.5|0|1|0|0|0|0|0|0|0|0|0|0|0|0|0|0|6
171|12|"GHIDOTTI Simone"|"FIORENTINA"|1|0|0|0.0|0|0|0.0|0|0|0|0|0|0|0|0|0|0|0|0|0|0|0|0|1
200|12|"ABATE Ignazio"|"MILAN"|1|1|1|5.0|0|1|5.0|0|0|0|0|0|0|0|0|0|0|0|0|0|0|0|0|5
201|12|"ACERBI Francesco"|"LAZIO"|1|1|1|6.5|0|1|6.5|0|0|0|0|0|0|0|0|0|0|0|0|0|0|0|0|16
202|12|"ADJAPONG Claud"|"SASSUOLO"|1|1|1|4.5|0|1|5.0|0|0|0|0|0|1|0|0|0|0|0|0|0|0|0|0|7
203|12|"ADNAN Ali Kadhim"|"ATALANTA"|1|1|0|0.0|0|0|0.0|0|0|0|0|0|0|0|0|0|0|0|0|0|0|0|0|4
204|12|"ALBIOL Raúl"|"NAPOLI"|1|1|1|6.0|0|1|6.0|0|0|0|0|0|0|0|0|0|0|0|0|0|0|0|0|13
205|12|"ALEX SANDRO Lobo Silva"|"JUVENTUS"|1|1|1|8.0|0|1|7.0|0|0|0|0|1|0|0|0|0|0|0|0|0|0|0|0|20
206|12|"ALVES Bruno"|"PARMA"|1|1|1|6.5|0|1|6.5|0|0|0|0|0|0|0|0|0|0|0|0|0|0|0|0|9
207|12|"ANDERSEN Joachim"|"SAMPDORIA"|1|1|1|5.5|0|1|5.5|0|0|0|0|0|0|0|0|0|0|0|0|0|0|0|0|9
208|12|"ANDREOLLI Marco"|"CAGLIARI"|1|1|0|0.0|0|0|0.0|0|0|0|0|0|0|0|0|0|0|0|0|0|0|0|0|4
209|12|"ANGELLA Gabriele"|"UDINESE"|0|1|0|0.0|0|0|0.0|0|0|0|0|0|0|0|0|0|0|0|0|0|0|0|0|3
210|12|"ANSALDI Cristian"|"TORINO"|1|1|0|0.0|0|0|0.0|0|0|0|0|0|0|0|0|0|0|0|0|0|0|0|0|6
211|12|"ANTONELLI Luca"|"EMPOLI"|1|1|1|6.0|0|1|6.0|0|0|0|0|0|0|0|0|0|0|0|0|0|0|0|0|6
212|12|"ARIAUDO Lorenzo"|"FROSINONE"|1|1|1|5.5|0|1|6.0|0|0|0|0|0|1|0|0|0|0|0|0|0|0|0|0|5
213|12|"ASAMOAH Kwadwo"|"INTER"|1|1|1|4.0|0|1|4.0|0|0|0|0|0|0|0|0|0|0|0|0|0|0|0|0|8
214|12|"BANI Mattia"|"CHIEVO"|1|1|1|5.0|0|1|5.5|0|0|0|0|0|1|0|0|0|0|0|0|0|0|0|0|4
215|12|"BARZAGLI Andrea"|"JUVENTUS"|1|1|0|0.0|0|0|0.0|0|0|0|0|0|0|0|0|0|0|0|0|0|0|0|0|6
216|12|"BASTA Dusan"|"LAZIO"|1|1|0|0.0|0|0|0.0|0|0|0|0|0|0|0|0|0|0|0|0|0|0|0|0|4
217|12|"BASTONI Alessandro"|"PARMA"|1|1|1|6.5|0|1|6.5|0|0|0|0|0|0|0|0|0|0|0|0|0|0|0|0|4
218|12|"BASTOS Jacinto Quissanga"|"LAZIO"|1|1|0|0.0|0|0|0.0|0|0|0|0|0|0|0|0|0|0|0|0|0|0|0|0|8
219|12|"BENATIA Medhi"|"JUVENTUS"|1|1|1|5.5|0|1|6.0|0|0|0|0|0|1|0|0|0|0|0|0|0|0|0|0|12
220|12|"BERESZYNSKI Bartosz"|"SAMPDORIA"|1|1|1|5.0|0|1|5.0|0|0|0|0|0|0|0|0|0|0|0|0|0|0|0|0|8
221|12|"BETTELLA Davide"|"ATALANTA"|1|1|0|0.0|0|0|0.0|0|0|0|0|0|0|0|0|0|0|0|0|0|0|0|0|1
222|12|"BIANDA William"|"ROMA"|1|1|0|0.0|0|0|0.0|0|0|0|0|0|0|0|0|0|0|0|0|0|0|0|0|2
223|12|"BIRAGHI Cristiano"|"FIORENTINA"|1|1|1|6.5|0|1|6.5|0|0|0|0|0|0|0|0|0|0|0|0|0|0|0|0|12
224|12|"BIRASCHI Davide"|"GENOA"|1|1|1|4.5|0|1|6.5|0|0|0|0|0|0|0|0|0|0|0|1|0|0|0|0|6
225|12|"BONIFAZI Kevin"|"SPAL"|1|1|1|5.0|0|1|5.0|0|0|0|0|0|0|0|0|0|0|0|0|0|0|0|0|7
226|12|"BONUCCI Leonardo"|"JUVENTUS"|1|1|0|0.0|0|0|0.0|0|0|0|0|0|0|0|0|0|0|0|0|0|0|0|0|17
227|12|"BREMER Gleison Silva Nascimento"|"TORINO"|1|1|0|0.0|0|0|0.0|0|0|0|0|0|0|0|0|0|0|0|0|0|0|0|0|4
228|12|"BRIGHENTI Nicolò"|"FROSINONE"|1|1|0|0.0|0|0|0.0|0|0|0|0|0|0|0|0|0|0|0|0|0|0|0|0|3
229|12|"BRIGNANI Fabrizio"|"BOLOGNA"|0|1|0|0.0|0|0|0.0|0|0|0|0|0|0|0|0|0|0|0|0|0|0|0|0|1
230|12|"CACCIATORE Fabrizio"|"CHIEVO"|1|1|0|0.0|0|0|0.0|0|0|0|0|0|0|0|0|0|0|0|0|0|0|0|0|6
231|12|"CACERES Martín"|"LAZIO"|1|1|0|0.0|0|0|0.0|0|0|0|0|0|0|0|0|0|0|0|0|0|0|0|0|9
232|12|"CALABRESI Arturo"|"BOLOGNA"|1|1|1|4.5|0|1|5.0|0|0|0|0|0|1|0|0|0|0|0|0|0|0|0|0|6
233|12|"CALABRIA Davide"|"MILAN"|1|1|0|0.0|0|0|0.0|0|0|0|0|0|0|0|0|0|0|0|0|0|0|0|0|9
234|12|"CALDARA Mattia"|"MILAN"|1|1|0|0.0|0|0|0.0|0|0|0|0|0|0|0|0|0|0|0|0|0|0|0|0|14
235|12|"CANCELO Joao"|"JUVENTUS"|1|1|1|7.0|0|1|7.0|0|0|0|0|0|0|0|0|0|0|0|0|0|0|0|0|18
236|12|"CAPUANO Marco"|"FROSINONE"|1|1|1|6.0|0|1|6.0|0|0|0|0|0|0|0|0|0|0|0|0|0|0|0|0|6
237|12|"CASTAGNE Timothy"|"ATALANTA"|1|1|1|6.5|0|1|6.5|0|0|0|0|0|0|0|0|0|0|0|0|0|0|0|0|9
238|12|"CECCHERINI Federico"|"FIORENTINA"|1|1|0|0.0|0|0|0.0|0|0|0|0|0|0|0|0|0|0|0|0|0|0|0|0|4
239|12|"CEPPITELLI Luca"|"CAGLIARI"|1|1|1|6.0|0|1|6.0|0|0|0|0|0|0|0|0|0|0|0|0|0|0|0|0|8
240|12|"CESAR Bostjan"|"CHIEVO"|1|1|0|0.0|0|0|0.0|0|0|0|0|0|0|0|0|0|0|0|0|0|0|0|0|3
241|12|"CHIELLINI Giorgio"|"JUVENTUS"|1|1|1|6.5|0|1|6.5|0|0|0|0|0|0|0|0|0|0|0|0|0|0|0|0|16
242|12|"CHIRICHES Vlad"|"NAPOLI"|1|1|0|0.0|0|0|0.0|0|0|0|0|0|0|0|0|0|0|0|0|0|0|0|0|4
243|12|"CIOFANI Matteo"|"FROSINONE"|0|1|0|0.0|0|0|0.0|0|0|0|0|0|0|0|0|0|0|0|0|0|0|0|0|5
244|12|"CIONEK Thiago"|"SPAL"|1|1|1|6.5|0|1|6.5|0|0|0|0|0|0|0|0|0|0|0|0|0|0|0|0|8
245|12|"COLLEY Omar"|"SAMPDORIA"|1|1|1|5.5|0|1|5.5|0|0|0|0|0|0|0|0|0|0|0|0|0|0|0|0|8
246|12|"CONTI Andrea"|"MILAN"|1|1|0|0.0|0|0|0.0|0|0|0|0|0|0|0|0|0|0|0|0|0|0|0|0|11
247|12|"COSTA Filippo"|"SPAL"|1|1|0|0.0|0|0|0.0|0|0|0|0|0|0|0|0|0|0|0|0|0|0|0|0|6
248|12|"CREMONESI Michele"|"SPAL"|0|1|0|0.0|0|0|0.0|0|0|0|0|0|0|0|0|0|0|0|0|0|0|0|0|3
249|12|"CRISCITO Domenico"|"GENOA"|1|1|1|5.5|0|1|6.0|0|0|0|0|0|1|0|0|0|0|0|0|0|0|0|0|13
250|12|"D'AMBROSIO Danilo"|"INTER"|1|1|1|4.0|0|1|4.0|0|0|0|0|0|0|0|0|0|0|0|0|0|0|0|0|11
251|12|"DALBERT Henrique"|"INTER"|1|1|0|0.0|0|0|0.0|0|0|0|0|0|0|0|0|0|0|0|0|0|0|0|0|6
252|12|"DANILO Larangeira"|"BOLOGNA"|1|1|1|5.5|0|1|5.5|0|0|0|0|0|0|0|0|0|0|0|0|0|0|0|0|7
253|12|"DE MAIO Sebastian"|"BOLOGNA"|1|1|0|0.0|0|0|0.0|0|0|0|0|0|0|0|0|0|0|0|0|0|0|0|0|6
254|12|"DE SCIGLIO Mattia"|"JUVENTUS"|1|1|0|0.0|0|0|0.0|0|0|0|0|0|0|0|0|0|0|0|0|0|0|0|0|6
255|12|"DE SILVESTRI Lorenzo"|"TORINO"|1|1|1|5.5|0|1|6.0|0|0|0|0|0|1|0|0|0|0|0|0|0|0|0|0|16
256|12|"DE VRIJ Stefan"|"INTER"|1|1|0|0.0|0|0|0.0|0|0|0|0|0|0|0|0|0|0|0|0|0|0|0|0|23
257|12|"DELL'ORCO Christian"|"SASSUOLO"|1|1|0|0.0|0|0|0.0|0|0|0|0|0|0|0|0|0|0|0|0|0|0|0|0|4
258|12|"DI CESARE Valerio"|"PARMA"|0|1|0|0.0|0|0|0.0|0|0|0|0|0|0|0|0|0|0|0|0|0|0|0|0|5
259|12|"DI LORENZO Giovanni"|"EMPOLI"|1|1|1|5.5|0|1|6.0|0|0|0|0|0|1|0|0|0|0|0|0|0|0|0|0|7
260|12|"DICKMANN Lorenzo"|"SPAL"|1|1|0|0.0|0|0|0.0|0|0|0|0|0|0|0|0|0|0|0|0|0|0|0|0|4
261|12|"DIJKS Mitchell"|"BOLOGNA"|1|1|0|0.0|0|0|0.0|0|0|0|0|0|0|0|0|0|0|0|0|0|0|0|0|5
262|12|"DIKS Kevin"|"FIORENTINA"|1|1|0|0.0|0|0|0.0|0|0|0|0|0|0|0|0|0|0|0|0|0|0|0|0|4
263|12|"DIMARCO Federico"|"PARMA"|1|1|0|0.0|0|0|0.0|0|0|0|0|0|0|0|0|0|0|0|0|0|0|0|0|7
264|12|"DURMISI Riza"|"LAZIO"|1|1|0|0.0|0|0|0.0|0|0|0|0|0|0|0|0|0|0|0|0|0|0|0|0|5
265|12|"EL YAMIQ Jawad"|"GENOA"|0|1|0|0.0|0|0|0.0|0|0|0|0|0|0|0|0|0|0|0|0|0|0|0|0|4
266|12|"FARAGÒ Paolo"|"CAGLIARI"|1|1|0|0.0|0|0|0.0|0|0|0|0|0|0|0|0|0|0|0|0|0|0|0|0|7
267|12|"FAZIO Federico"|"ROMA"|1|1|0|0.0|0|0|0.0|0|0|0|0|0|0|0|0|0|0|0|0|0|0|0|0|16
268|12|"FELIPE Dal Belo"|"SPAL"|1|1|1|5.5|0|1|6.0|0|0|0|0|0|1|0|0|0|0|0|0|0|0|0|0|6
269|12|"FERRARI Gianmarco"|"SASSUOLO"|1|1|1|11.5|0|1|7.0|1|0|0|0|0|0|0|0|0|0|0|0|0|0|0|0|17
270|12|"FERRARI Alex"|"SAMPDORIA"|1|1|0|0.0|0|0|0.0|0|0|0|0|0|0|0|0|0|0|0|0|0|0|0|0|4
271|12|"FLORENZI Alessandro"|"ROMA"|1|1|1|5.5|0|1|6.0|0|0|0|0|0|1|0|0|0|0|0|0|0|0|0|0|19
272|12|"GAGLIOLO Riccardo"|"PARMA"|1|1|1|7.5|0|1|7.0|0|0|0|0|1|1|0|0|0|0|0|0|0|0|0|0|8
273|12|"GAZZOLA Marcello"|"PARMA"|1|1|1|6.0|0|1|6.0|0|0|0|0|0|0|0|0|0|0|0|0|0|0|0|0|4
274|12|"GHIGLIONE Paolo"|"FROSINONE"|1|1|0|0.0|0|0|0.0|0|0|0|0|0|0|0|0|0|0|0|0|0|0|0|0|1
275|12|"GHOULAM Faouzi"|"NAPOLI"|1|1|0|0.0|0|0|0.0|0|0|0|0|0|0|0|0|0|0|0|0|0|0|0|0|9
276|12|"GOBBI Massimo"|"PARMA"|1|1|0|0.0|0|0|0.0|0|0|0|0|0|0|0|0|0|0|0|0|0|0|0|0|5
277|12|"GOLDANIGA Edoardo"|"FROSINONE"|1|1|1|5.0|0|1|5.0|0|0|0|0|0|0|0|0|0|0|0|0|0|0|0|0|7
278|12|"GOMEZ Gustavo"|"MILAN"|0|1|0|0.0|0|0|0.0|0|0|0|0|0|0|0|0|0|0|0|0|0|0|0|0|3
279|12|"GONZALEZ Giancarlo"|"BOLOGNA"|1|1|1|5.5|0|1|5.5|0|0|0|0|0|0|0|0|0|0|0|0|0|0|0|0|5
280|12|"GOSENS Robin"|"ATALANTA"|1|1|1|8.5|0|1|7.5|0|0|0|0|1|0|0|0|0|0|0|0|0|0|0|0|10
281|12|"GUNTER Koray"|"GENOA"|1|1|0|0.0|0|0|0.0|0|0|0|0|0|0|0|0|0|0|0|0|0|0|0|0|4
282|12|"HANCKO David"|"FIORENTINA"|1|1|0|0.0|0|0|0.0|0|0|0|0|0|0|0|0|0|0|0|0|0|0|0|0|4
283|12|"HATEBOER Hans"|"ATALANTA"|1|1|1|11.0|0|1|7.0|1|0|0|0|0|1|0|0|0|0|0|0|0|0|0|0|12
284|12|"HELANDER Filip Viktor"|"BOLOGNA"|1|1|1|4.5|0|1|5.0|0|0|0|0|0|1|0|0|0|0|0|0|0|0|0|0|4
285|12|"HEURTAUX Thomas"|"UDINESE"|0|1|0|0.0|0|0|0.0|0|0|0|0|0|0|0|0|0|0|0|0|0|0|0|0|4
286|12|"HRISTOV Petko"|"FIORENTINA"|0|1|0|0.0|0|0|0.0|0|0|0|0|0|0|0|0|0|0|0|0|0|0|0|0|2
287|12|"HYSAJ Elseid"|"NAPOLI"|1|1|1|5.0|0|1|5.0|0|0|0|0|0|0|0|0|0|0|0|0|0|0|0|0|10
288|12|"IACOPONI Simone"|"PARMA"|1|1|1|6.0|0|1|6.0|0|0|0|0|0|0|0|0|0|0|0|0|0|0|0|0|5
289|12|"IMPERIALE Marco"|"EMPOLI"|0|1|0|0.0|0|0|0.0|0|0|0|0|0|0|0|0|0|0|0|0|0|0|0|0|1
290|12|"IZZO Armando"|"TORINO"|1|1|1|4.5|0|1|4.5|0|0|0|0|0|0|0|0|0|0|0|0|0|0|0|0|13
291|12|"JAROSZYNSKI Pawel"|"CHIEVO"|1|1|0|0.0|0|0|0.0|0|0|0|0|0|0|0|0|0|0|0|0|0|0|0|0|4
292|12|"JUAN JESUS Guilherme Nunes"|"ROMA"|1|1|1|11.5|0|1|7.0|1|0|0|0|0|0|0|0|0|0|0|0|0|0|0|0|8
293|12|"KARSDORP Rick"|"ROMA"|1|1|0|0.0|0|0|0.0|0|0|0|0|0|0|0|0|0|0|0|0|0|0|0|0|4
294|12|"KOLAROV Aleksandar"|"ROMA"|1|1|1|7.0|0|1|6.0|0|0|0|0|1|0|0|0|0|0|0|0|0|0|0|0|23
295|12|"KONATE Pa"|"SPAL"|0|1|0|0.0|0|0|0.0|0|0|0|0|0|0|0|0|0|0|0|0|0|0|0|0|4
296|12|"KOULIBALY Kalidou"|"NAPOLI"|1|1|1|6.5|0|1|6.5|0|0|0|0|0|0|0|0|0|0|0|0|0|0|0|0|18
297|12|"KRAFTH Emil"|"BOLOGNA"|0|1|0|0.0|0|0|0.0|0|0|0|0|0|0|0|0|0|0|0|0|0|0|0|0|4
298|12|"KRAJNC Luka"|"FROSINONE"|1|1|0|0.0|0|0|0.0|0|0|0|0|0|0|0|0|0|0|0|0|0|0|0|0|3
299|12|"LAKICEVIC Ivan"|"GENOA"|1|1|0|0.0|0|0|0.0|0|0|0|0|0|0|0|0|0|0|0|0|0|0|0|0|4
300|12|"LARSEN Jens Stryger"|"UDINESE"|1|1|1|5.0|0|1|5.0|0|0|0|0|0|0|0|0|0|0|0|0|0|0|0|0|8
301|12|"LAURINI Vincent"|"FIORENTINA"|1|1|0|0.0|0|0|0.0|0|0|0|0|0|0|0|0|0|0|0|0|0|0|0|0|4
302|12|"LEMOS Mauricio"|"SASSUOLO"|1|1|0|0.0|0|0|0.0|0|0|0|0|0|0|0|0|0|0|0|0|0|0|0|0|6
303|12|"LETSCHERT Timo"|"SASSUOLO"|0|1|0|0.0|0|0|0.0|0|0|0|0|0|0|0|0|0|0|0|0|0|0|0|0|3
304|12|"LEVERBE Maxime"|"SAMPDORIA"|1|1|0|0.0|0|0|0.0|0|0|0|0|0|0|0|0|0|0|0|0|0|0|0|0|1
305|12|"LIROLA Pol"|"SASSUOLO"|1|1|1|6.5|0|1|5.5|0|0|0|0|1|0|0|0|0|0|0|0|0|0|0|0|11
306|12|"LUIZ FELIPE Ramos Marchi"|"LAZIO"|1|1|1|5.5|0|1|6.0|0|0|0|0|0|1|0|0|0|0|0|0|0|0|0|0|6
307|12|"LUPERTO Sebastiano"|"NAPOLI"|1|1|0|0.0|0|0|0.0|0|0|0|0|0|0|0|0|0|0|0|0|0|0|0|0|4
308|12|"LYANCO Silveira Neves Vojnovic"|"TORINO"|1|1|0|0.0|0|0|0.0|0|0|0|0|0|0|0|0|0|0|0|0|0|0|0|0|4
309|12|"LYKOGIANNIS Charalampos"|"CAGLIARI"|1|1|0|0.0|0|0|0.0|0|0|0|0|0|0|0|0|0|0|0|0|0|0|0|0|5
310|12|"MAIETTA Domenico"|"EMPOLI"|1|1|1|5.0|0|1|5.0|0|0|0|0|0|0|0|0|0|0|0|0|0|0|0|0|5
311|12|"MAKSIMOVIC Nikola"|"NAPOLI"|1|1|0|0.0|0|0|0.0|0|0|0|0|0|0|0|0|0|0|0|0|0|0|0|0|6
312|12|"MANCINI Gianluca"|"ATALANTA"|1|1|1|12.0|0|1|7.5|1|0|0|0|0|0|0|0|0|0|0|0|0|0|0|0|15
313|12|"MANOLAS Konstantinos"|"ROMA"|1|1|1|6.0|0|1|6.0|0|0|0|0|0|0|0|0|0|0|0|0|0|0|0|0|18
314|12|"MARCANO Iván"|"ROMA"|1|1|0|0.0|0|0|0.0|0|0|0|0|0|0|0|0|0|0|0|0|0|0|0|0|9
315|12|"MARCHIZZA Riccardo"|"SASSUOLO"|0|1|0|0.0|0|0|0.0|0|0|0|0|0|0|0|0|0|0|0|0|0|0|0|0|2
316|12|"MARCJANIK Michal"|"EMPOLI"|1|1|0|0.0|0|0|0.0|0|0|0|0|0|0|0|0|0|0|0|0|0|0|0|0|4
317|12|"MARIO RUI Silva Duarte"|"NAPOLI"|1|1|1|6.5|0|1|6.5|0|0|0|0|0|0|0|0|0|0|0|0|0|0|0|0|8
318|12|"MARUSIC Adam"|"LAZIO"|1|1|0|0.0|0|0|0.0|0|0|0|0|0|0|0|0|0|0|0|0|0|0|0|0|14
319|12|"MASIELLO Andrea"|"ATALANTA"|1|1|0|0.0|0|0|0.0|0|0|0|0|0|0|0|0|0|0|0|0|0|0|0|0|15
320|12|"MBAYE Ibrahima"|"BOLOGNA"|1|1|1|4.5|0|1|4.5|0|0|0|0|0|0|0|0|0|0|0|0|0|0|0|0|9
321|12|"MILENKOVIC Nikola"|"FIORENTINA"|1|1|1|6.5|0|1|6.5|0|0|0|0|0|0|0|0|0|0|0|0|0|0|0|0|14
322|12|"MIRANDA Joao"|"INTER"|1|1|1|4.5|0|1|4.5|0|0|0|0|0|0|0|0|0|0|0|0|0|0|0|0|8
323|12|"MOLINARO Cristian"|"FROSINONE"|1|1|0|0.0|0|0|0.0|0|0|0|0|0|0|0|0|0|0|0|0|0|0|0|0|5
324|12|"MORETTI Emiliano"|"TORINO"|1|1|0|0.0|0|0|0.0|0|0|0|0|0|0|0|0|0|0|0|0|0|0|0|0|7
325|12|"MURRU Nicola"|"SAMPDORIA"|1|1|1|5.0|0|1|5.0|0|0|0|0|0|0|0|0|0|0|0|0|0|0|0|0|6
326|12|"MUSACCHIO Mateo"|"MILAN"|1|1|0|0.0|0|0|0.0|0|0|0|0|0|0|0|0|0|0|0|0|0|0|0|0|6
327|12|"NKOULOU Nicolas"|"TORINO"|1|1|1|6.0|0|1|6.0|0|0|0|0|0|0|0|0|0|0|0|0|0|0|0|0|15
328|12|"NUYTINCK Bram"|"UDINESE"|1|1|0|0.0|0|0|0.0|0|0|0|0|0|0|0|0|0|0|0|0|0|0|0|0|6
329|12|"OLIVERA Maximiliano"|"FIORENTINA"|1|1|0|0.0|0|0|0.0|0|0|0|0|0|0|0|0|0|0|0|0|0|0|0|0|3
330|12|"OPOKU Nicholas"|"UDINESE"|1|1|0|0.0|0|0|0.0|0|0|0|0|0|0|0|0|0|0|0|0|0|0|0|0|2
331|12|"PAJAC Marko"|"CAGLIARI"|1|1|0|0.0|0|0|0.0|0|0|0|0|0|0|0|0|0|0|0|0|0|0|0|0|4
332|12|"PALOMINO José Luis"|"ATALANTA"|1|1|0|0.0|0|0|0.0|0|0|0|0|0|0|0|0|0|0|0|0|0|0|0|0|11
333|12|"PASQUAL Manuel"|"EMPOLI"|1|1|0|0.0|0|0|0.0|0|0|0|0|0|0|0|0|0|0|0|0|0|0|0|0|8
334|12|"PAZ Nehuén"|"BOLOGNA"|1|1|0|0.0|0|0|0.0|0|0|0|0|0|0|0|0|0|0|0|0|0|0|0|0|4
335|12|"PELLEGRINI Luca"|"ROMA"|1|1|0|0.0|0|0|0.0|0|0|0|0|0|0|0|0|0|0|0|0|0|0|0|0|2
336|12|"PELUSO Federico"|"SASSUOLO"|1|1|0|0.0|0|0|0.0|0|0|0|0|0|0|0|0|0|0|0|0|0|0|0|0|4
337|12|"PEREIRA Pedro"|"GENOA"|1|1|0|0.0|0|0|0.0|0|0|0|0|0|0|0|0|0|0|0|0|0|0|0|0|4
338|12|"PEZZELLA German"|"FIORENTINA"|1|1|1|6.5|0|1|6.5|0|0|0|0|0|0|0|0|0|0|0|0|0|0|0|0|13
339|12|"PEZZELLA Giuseppe"|"UDINESE"|1|1|0|0.0|0|0|0.0|0|0|0|0|0|0|0|0|0|0|0|0|0|0|0|0|4
340|12|"PISACANE Fabio"|"CAGLIARI"|1|1|0|0.0|0|0|0.0|0|0|0|0|0|0|0|0|0|0|0|0|0|0|0|0|6
341|12|"POLVANI Luca"|"EMPOLI"|1|1|0|0.0|0|0|0.0|0|0|0|0|0|0|0|0|0|0|0|0|0|0|0|0|2
342|12|"RADU Stefan"|"LAZIO"|1|1|1|5.5|0|1|6.0|0|0|0|0|0|1|0|0|0|0|0|0|0|0|0|0|9
343|12|"RANOCCHIA Andrea"|"INTER"|1|1|0|0.0|0|0|0.0|0|0|0|0|0|0|0|0|0|0|0|0|0|0|0|0|4
344|12|"RASMUSSEN Jacob"|"EMPOLI"|1|1|0|0.0|0|0|0.0|0|0|0|0|0|0|0|0|0|0|0|0|0|0|0|0|4
345|12|"RECA Arkadiusz"|"ATALANTA"|1|1|0|0.0|0|0|0.0|0|0|0|0|0|0|0|0|0|0|0|0|0|0|0|0|4
346|12|"REGINI Vasco"|"SAMPDORIA"|1|1|0|0.0|0|0|0.0|0|0|0|0|0|0|0|0|0|0|0|0|0|0|0|0|4
347|12|"RODRIGUEZ Ricardo"|"MILAN"|1|1|1|5.0|0|1|5.0|0|0|0|0|0|0|0|0|0|0|0|0|0|0|0|0|12
348|12|"ROGERIO Oliveira Da Silva"|"SASSUOLO"|1|1|0|0.0|0|0|0.0|0|0|0|0|0|0|0|0|0|0|0|0|0|0|0|0|5
349|12|"ROLANDO Gabriele"|"SAMPDORIA"|1|1|0|0.0|0|0|0.0|0|0|0|0|0|0|0|0|0|0|0|0|0|0|0|0|3
350|12|"ROMAGNA Filippo"|"CAGLIARI"|1|1|1|6.0|0|1|6.0|0|0|0|0|0|0|0|0|0|0|0|0|0|0|0|0|7
351|12|"ROMAGNOLI Alessio"|"MILAN"|1|1|1|6.5|0|1|6.5|0|0|0|0|0|0|0|0|0|0|0|0|0|0|0|0|17
352|12|"ROMAGNOLI Simone"|"EMPOLI"|0|1|0|0.0|0|0|0.0|0|0|0|0|0|0|0|0|0|0|0|0|0|0|0|0|3
353|12|"ROSSETTINI Luca"|"CHIEVO"|1|1|1|5.0|0|1|5.0|0|0|0|0|0|0|0|0|0|0|0|0|0|0|0|0|4
354|12|"RUGANI Daniele"|"JUVENTUS"|1|1|0|0.0|0|0|0.0|0|0|0|0|0|0|0|0|0|0|0|0|0|0|0|0|8
355|12|"RUSSO Adriano"|"FROSINONE"|0|1|0|0.0|0|0|0.0|0|0|0|0|0|0|0|0|0|0|0|0|0|0|0|0|2
356|12|"SALA Jacopo"|"SAMPDORIA"|1|1|1|6.5|0|1|5.5|0|0|0|0|1|0|0|0|0|0|0|0|0|0|0|0|4
357|12|"SALAMON Bartosz"|"FROSINONE"|1|1|0|0.0|0|0|0.0|0|0|0|0|0|0|0|0|0|0|0|0|0|0|0|0|4
358|12|"SAMIR Caetano de Sousa"|"UDINESE"|1|1|1|5.0|0|1|5.0|0|0|0|0|0|0|0|0|0|0|0|0|0|0|0|0|7
359|12|"SANTON Davide"|"ROMA"|1|1|0|0.0|0|0|0.0|0|0|0|0|0|0|0|0|0|0|0|0|0|0|0|0|6
360|12|"SCAGLIA Luigi"|"PARMA"|0|1|0|0.0|0|0|0.0|0|0|0|0|0|0|0|0|0|0|0|0|0|0|0|0|4
361|12|"SERNICOLA Leonardo"|"SASSUOLO"|1|1|0|0.0|0|0|0.0|0|0|0|0|0|0|0|0|0|0|0|0|0|0|0|0|1
362|12|"SIMIC Stefan"|"MILAN"|1|1|0|0.0|0|0|0.0|0|0|0|0|0|0|0|0|0|0|0|0|0|0|0|0|2
363|12|"SKRINIAR Milan"|"INTER"|1|1|1|4.0|0|1|4.5|0|0|0|0|0|1|0|0|0|0|0|0|0|0|0|0|17
364|12|"SPINAZZOLA Leonardo"|"JUVENTUS"|1|1|0|0.0|0|0|0.0|0|0|0|0|0|0|0|0|0|0|0|0|0|0|0|0|5
365|12|"SPOLLI Nicolas"|"GENOA"|1|1|0|0.0|0|0|0.0|0|0|0|0|0|0|0|0|0|0|0|0|0|0|0|0|5
366|12|"SRNA Darijo"|"CAGLIARI"|1|1|1|6.0|0|1|5.0|0|0|0|0|1|0|0|0|0|0|0|0|0|0|0|0|13
367|12|"STRINIC Ivan"|"MILAN"|1|1|0|0.0|0|0|0.0|0|0|0|0|0|0|0|0|0|0|0|0|0|0|0|0|4
368|12|"TANASIJEVIC Strahinja"|"CHIEVO"|1|1|0|0.0|0|0|0.0|0|0|0|0|0|0|0|0|0|0|0|0|0|0|0|0|1
369|12|"TAVARES Junior"|"SAMPDORIA"|1|1|0|0.0|0|0|0.0|0|0|0|0|0|0|0|0|0|0|0|0|0|0|0|0|4
370|12|"TER AVEST Hidde"|"UDINESE"|1|1|1|5.5|0|1|5.5|0|0|0|0|0|0|0|0|0|0|0|0|0|0|0|0|5
371|12|"TERRANOVA Emanuele"|"FROSINONE"|0|1|0|0.0|0|0|0.0|0|0|0|0|0|0|0|0|0|0|0|0|0|0|0|0|6
372|12|"TOLOI Rafael"|"ATALANTA"|1|1|1|7.0|0|1|7.0|0|0|0|0|0|0|0|0|0|0|0|0|0|0|0|0|12
373|12|"TOMOVIC Nenad"|"CHIEVO"|1|1|0|0.0|0|0|0.0|0|0|0|0|0|0|0|0|0|0|0|0|0|0|0|0|7
374|12|"TONELLI Lorenzo"|"SAMPDORIA"|1|1|0|0.0|0|0|0.0|0|0|0|0|0|0|0|0|0|0|0|0|0|0|0|0|8
375|12|"UNTERSEE Joel"|"EMPOLI"|1|1|0|0.0|0|0|0.0|0|0|0|0|0|0|0|0|0|0|0|0|0|0|0|0|3
376|12|"VAISANEN Sauli"|"SPAL"|0|1|0|0.0|0|0|0.0|0|0|0|0|0|0|0|0|0|0|0|0|0|0|0|0|3
377|12|"VALJENT Martin"|"CHIEVO"|0|1|0|0.0|0|0|0.0|0|0|0|0|0|0|0|0|0|0|0|0|0|0|0|0|3
378|12|"VARNIER Marco"|"ATALANTA"|1|1|0|0.0|0|0|0.0|0|0|0|0|0|0|0|0|0|0|0|0|0|0|0|0|4
379|12|"VENUTI Lorenzo"|"FIORENTINA"|0|1|0|0.0|0|0|0.0|0|0|0|0|0|0|0|0|0|0|0|0|0|0|0|0|4
380|12|"VESELI Frederic"|"EMPOLI"|1|1|0|0.0|0|0|0.0|0|0|0|0|0|0|0|0|0|0|0|0|0|0|0|0|4
381|12|"VICARI Francesco"|"SPAL"|1|1|1|6.0|0|1|6.0|0|0|0|0|0|0|0|0|0|0|0|0|0|0|0|0|8
382|12|"VITOR HUGO Franchescoli de Souza"|"FIORENTINA"|1|1|1|6.0|0|1|6.0|0|0|0|0|0|0|0|0|0|0|0|0|0|0|0|0|9
383|12|"WAGUE Molla"|"UDINESE"|1|1|1|5.5|0|1|5.5|0|0|0|0|0|0|0|0|0|0|0|0|0|0|0|0|4
384|12|"WALLACE Oliveira dos Santos"|"LAZIO"|1|1|0|0.0|0|0|0.0|0|0|0|0|0|0|0|0|0|0|0|0|0|0|0|0|5
385|12|"ZAPATA Cristian"|"MILAN"|1|1|1|5.5|0|1|5.5|0|0|0|0|0|0|0|0|0|0|0|0|0|0|0|0|5
386|12|"ZUKANOVIC Ervin"|"GENOA"|1|1|0|0.0|0|0|0.0|0|0|0|0|0|0|0|0|0|0|0|0|0|0|0|0|5
387|12|"SIERRALTA Francisco"|"PARMA"|1|1|0|0.0|0|0|0.0|0|0|0|0|0|0|0|0|0|0|0|0|0|0|0|0|2
388|12|"PATRIC Patricio Gabarron Gil"|"LAZIO"|1|1|1|6.0|0|1|6.0|0|0|0|0|0|0|0|0|0|0|0|0|0|0|0|0|6
389|12|"MATTIELLO Federico"|"BOLOGNA"|1|1|0|0.0|0|0|0.0|0|0|0|0|0|0|0|0|0|0|0|0|0|0|0|0|9
390|12|"DJOUROU Johan Danon"|"SPAL"|1|1|0|0.0|0|0|0.0|0|0|0|0|0|0|0|0|0|0|0|0|0|0|0|0|7
391|12|"TRIPALDELLI Alessandro"|"SASSUOLO"|0|1|0|0.0|0|0|0.0|0|0|0|0|0|0|0|0|0|0|0|0|0|0|0|0|1
392|12|"LUKAKU Jordan Zacharie"|"LAZIO"|1|1|1|6.0|0|1|6.0|0|0|0|0|0|0|0|0|0|0|0|0|0|0|0|0|6
393|12|"MAGNANI Giangiacomo"|"SASSUOLO"|1|1|1|6.5|0|1|6.5|0|0|0|0|0|0|0|0|0|0|0|0|0|0|0|0|6
394|12|"GILLEKENS Jordy"|"FIORENTINA"|1|1|0|0.0|0|0|0.0|0|0|0|0|0|0|0|0|0|0|0|0|0|0|0|0|1
395|12|"GABBIA Matteo"|"MILAN"|0|1|0|0.0|0|0|0.0|0|0|0|0|0|0|0|0|0|0|0|0|0|0|0|0|1
396|12|"BELLANOVA Raoul"|"MILAN"|1|1|0|0.0|0|0|0.0|0|0|0|0|0|0|0|0|0|0|0|0|0|0|0|0|1
397|12|"VRSALJKO Sime"|"INTER"|1|1|1|5.0|0|1|5.0|0|0|0|0|0|0|0|0|0|0|0|0|0|0|0|0|11
398|12|"LOPEZ Lisandro"|"GENOA"|1|1|0|0.0|0|0|0.0|0|0|0|0|0|0|0|0|0|0|0|0|0|0|0|0|4
399|12|"SILVESTRE Matias"|"EMPOLI"|1|1|1|6.0|0|1|6.0|0|0|0|0|0|0|0|0|0|0|0|0|0|0|0|0|10
400|12|"MALCUIT Kevin"|"NAPOLI"|1|1|0|0.0|0|0|0.0|0|0|0|0|0|1|0|0|0|0|0|0|0|0|0|0|8
401|12|"ANDERSON Djavan"|"LAZIO"|0|1|0|0.0|0|0|0.0|0|0|0|0|0|0|0|0|0|0|0|0|0|0|0|0|4
402|12|"FERIGRA Erick"|"TORINO"|1|1|0|0.0|0|0|0.0|0|0|0|0|0|0|0|0|0|0|0|0|0|0|0|0|1
403|12|"CORBO Gabriele"|"BOLOGNA"|1|1|0|0.0|0|0|0.0|0|0|0|0|0|0|0|0|0|0|0|0|0|0|0|0|1
404|12|"BARBA Federico"|"CHIEVO"|1|1|1|6.0|0|1|6.0|0|0|0|0|0|0|0|0|0|0|0|0|0|0|0|0|4
405|12|"AINA Ola"|"TORINO"|1|1|1|5.5|0|1|5.5|0|0|0|0|0|0|0|0|0|0|0|0|0|0|0|0|8
406|12|"DJIDJI Koffi"|"TORINO"|1|1|1|5.0|0|1|5.0|0|0|0|0|0|0|0|0|0|0|0|0|0|0|0|0|7
407|12|"ZAMPANO Francesco"|"FROSINONE"|1|1|1|5.5|0|1|6.0|0|0|0|0|0|1|0|0|0|0|0|0|0|0|0|0|7
408|12|"SIMIC Lorenco"|"SPAL"|1|1|1|5.0|0|1|5.0|0|0|0|0|0|0|0|0|0|0|0|0|0|0|0|0|4
409|12|"MARLON -"|"SASSUOLO"|1|1|1|5.5|0|1|6.0|0|0|0|0|0|1|0|0|0|0|0|0|0|0|0|0|9
410|12|"DJIMSITI Berat"|"ATALANTA"|1|1|1|12.0|0|1|7.5|1|0|0|0|0|0|0|0|0|0|0|0|0|0|0|0|7
411|12|"TROOST-EKONG William"|"UDINESE"|1|1|1|6.0|0|1|6.0|0|0|0|0|0|0|0|0|0|0|0|0|0|0|0|0|8
412|12|"VERGARA Jherson"|"CAGLIARI"|0|1|0|0.0|0|0|0.0|0|0|0|0|0|0|0|0|0|0|0|0|0|0|0|0|2
413|12|"SALVI Matteo"|"SPAL"|1|1|0|0.0|0|0|0.0|0|0|0|0|0|0|0|0|0|0|0|0|0|0|0|0|1
414|12|"FERRARESI Stefano"|"SASSUOLO"|1|1|0|0.0|0|0|0.0|0|0|0|0|0|0|0|0|0|0|0|0|0|0|0|0|1
415|12|"KLAVAN Ragnar"|"CAGLIARI"|1|1|0|0.0|0|0|0.0|0|0|0|0|0|0|0|0|0|0|0|0|0|0|0|0|7
416|12|"RIGIONE Michele"|"CHIEVO"|1|1|0|0.0|0|0|0.0|0|0|0|0|0|0|0|0|0|0|0|0|0|0|0|0|2
417|12|"ROMERO Cristian"|"GENOA"|1|1|1|6.0|0|1|6.0|0|0|0|0|0|0|0|0|0|0|0|0|0|0|0|0|5
418|12|"DI MAGGIO Andrea"|"PARMA"|1|1|0|0.0|0|0|0.0|0|0|0|0|0|0|0|0|0|0|0|0|0|0|0|0|1
500|12|"ACQUAH Afriyie"|"EMPOLI"|1|2|1|6.0|0|1|6.0|0|0|0|0|0|0|0|0|0|0|0|0|0|0|0|0|7
501|12|"ALLAN Marques Loureiro"|"NAPOLI"|1|2|1|6.0|0|1|6.0|0|0|0|0|0|0|0|0|0|0|0|0|0|0|0|0|19
503|12|"BADU Emmanuel"|"UDINESE"|1|2|0|0.0|0|0|0.0|0|0|0|0|0|0|0|0|0|0|0|0|0|0|0|0|4
504|12|"BALIC Andrija"|"UDINESE"|1|2|0|0.0|0|0|0.0|0|0|0|0|0|0|0|0|0|0|0|0|0|0|0|0|4
505|12|"BANDINELLI Filippo"|"SASSUOLO"|0|2|0|0.0|0|0|0.0|0|0|0|0|0|0|0|0|0|0|0|0|0|0|0|0|3
506|12|"BARAK Antonin"|"UDINESE"|1|2|0|0.0|0|0|0.0|0|0|0|0|0|0|0|0|0|0|0|0|0|0|0|0|16
507|12|"BARELLA Nicolò"|"CAGLIARI"|1|2|1|6.0|0|1|6.5|0|0|0|0|0|1|0|0|0|0|0|0|0|0|0|0|18
508|12|"BARILLÀ Antonino"|"PARMA"|1|2|1|5.5|0|1|6.0|0|0|0|0|0|1|0|0|0|0|0|0|0|0|0|0|10
509|12|"BARRETO Edgar"|"SAMPDORIA"|1|2|0|0.0|0|0|0.0|0|0|0|0|0|0|0|0|0|0|0|0|0|0|0|0|9
510|12|"BASELLI Daniele"|"TORINO"|1|2|1|10.5|0|1|6.5|1|0|0|0|0|0|0|0|0|0|0|0|0|0|0|0|19
511|12|"BAUMGARTNER Denis"|"SAMPDORIA"|0|2|0|0.0|0|0|0.0|0|0|0|0|0|0|0|0|0|0|0|0|0|0|0|0|1
512|12|"BEGHETTO Andrea"|"FROSINONE"|1|2|1|6.5|0|1|6.5|0|0|0|0|0|0|0|0|0|0|0|0|0|0|0|0|6
513|12|"BEHRAMI Valon"|"UDINESE"|1|2|0|0.0|0|0|0.0|0|0|0|0|0|0|0|0|0|0|0|0|0|0|0|0|6
514|12|"BENASSI Marco"|"FIORENTINA"|1|2|1|11.0|0|1|7.0|1|0|0|0|0|0|0|0|0|0|0|0|0|0|0|0|23
515|12|"BENNACER Ismael"|"EMPOLI"|1|2|1|6.0|0|1|6.0|0|0|0|0|0|0|0|0|0|0|0|0|0|0|0|0|9
516|12|"BENTANCUR Rodrigo"|"JUVENTUS"|1|2|1|6.5|0|1|6.5|0|0|0|0|0|0|0|0|0|0|0|0|0|0|0|0|11
517|12|"BERENGUER Alex"|"TORINO"|1|2|1|6.0|0|1|6.0|0|0|0|0|0|0|0|0|0|0|0|0|0|0|0|0|11
518|12|"BERISHA Valon"|"LAZIO"|1|2|0|0.0|0|0|0.0|0|0|0|0|0|0|0|0|0|0|0|0|0|0|0|0|10
519|12|"BERNARDESCHI Federico"|"JUVENTUS"|1|2|0|0.0|0|0|0.0|0|0|0|0|0|0|0|0|0|0|0|0|0|0|0|0|19
520|12|"BERTOLACCI Andrea"|"MILAN"|1|2|0|0.0|0|0|0.0|0|0|0|0|0|0|0|0|0|0|0|0|0|0|0|0|6
521|12|"BESEA Emmanuel"|"FROSINONE"|1|2|0|0.0|0|0|0.0|0|0|0|0|0|0|0|0|0|0|0|0|0|0|0|0|2
522|12|"BESSA Daniel"|"GENOA"|1|2|1|5.5|0|1|6.0|0|0|0|0|0|1|0|0|0|0|0|0|0|0|0|0|14
523|12|"BIGLIA Lucas"|"MILAN"|1|2|0|0.0|0|0|0.0|0|0|0|0|0|0|0|0|0|0|0|0|0|0|0|0|12
524|12|"BIRSA Valter"|"CHIEVO"|1|2|1|6.0|0|1|6.0|0|0|0|0|0|0|0|0|0|0|0|0|0|0|0|0|16
525|12|"BOATENG Kevin-Prince"|"SASSUOLO"|1|2|1|6.0|0|1|6.0|0|0|0|0|0|0|0|0|0|0|0|0|0|0|0|0|20
526|12|"BONAVENTURA Giacomo"|"MILAN"|1|2|0|0.0|0|0|0.0|0|0|0|0|0|0|0|0|0|0|0|0|0|0|0|0|25
527|12|"BORINI Fabio"|"MILAN"|1|2|1|4.5|0|1|5.0|0|0|0|0|0|1|0|0|0|0|0|0|0|0|0|0|8
528|12|"BORJA VALERO Iglesias"|"INTER"|1|2|1|5.5|0|1|5.5|0|0|0|0|0|0|0|0|0|0|0|0|0|0|0|0|9
529|12|"BOURABIA Mehdi"|"SASSUOLO"|1|2|0|0.0|0|0|0.0|0|0|0|0|0|0|0|0|0|0|0|0|0|0|0|0|8
530|12|"BRIGHI Matteo"|"EMPOLI"|1|2|0|0.0|0|0|0.0|0|0|0|0|0|0|0|0|0|0|0|0|0|0|0|0|4
531|12|"BROZOVIC Marcelo"|"INTER"|1|2|1|3.0|0|1|4.0|0|0|0|0|0|0|1|0|0|0|0|0|0|0|0|0|19
532|12|"CALHANOGLU Hakan"|"MILAN"|1|2|1|5.0|0|1|5.0|0|0|0|0|0|0|0|0|0|0|0|0|0|0|0|0|19
533|12|"CALIGARA Fabrizio"|"CAGLIARI"|0|2|0|0.0|0|0|0.0|0|0|0|0|0|0|0|0|0|0|0|0|0|0|0|0|1
534|12|"CALLEGARI Lorenzo"|"GENOA"|0|2|0|0.0|0|0|0.0|0|0|0|0|0|0|0|0|0|0|0|0|0|0|0|0|1
535|12|"CAN Emre"|"JUVENTUS"|1|2|0|0.0|0|0|0.0|0|0|0|0|0|0|0|0|0|0|0|0|0|0|0|0|18
536|12|"CANDREVA Antonio"|"INTER"|1|2|0|0.0|0|0|0.0|0|0|0|0|0|0|0|0|0|0|0|0|0|0|0|0|15
537|12|"CAPEZZI Leonardo"|"EMPOLI"|1|2|0|0.0|0|0|0.0|0|0|0|0|0|0|0|0|0|0|0|0|0|0|0|0|4
538|12|"CASSATA Francesco"|"FROSINONE"|1|2|1|6.0|0|1|6.0|0|0|0|0|0|0|0|0|0|0|0|0|0|0|0|0|5
539|12|"CASTRO Lucas"|"CAGLIARI"|1|2|1|6.0|0|1|6.5|0|0|0|0|0|1|0|0|0|0|0|0|0|0|0|0|17
540|12|"CATALDI Danilo"|"LAZIO"|1|2|0|0.0|0|0|0.0|0|0|0|0|0|0|0|0|0|0|0|0|0|0|0|0|7
541|12|"CHIBSAH Raman"|"FROSINONE"|1|2|1|6.5|0|1|6.5|0|0|0|0|0|0|0|0|0|0|0|0|0|0|0|0|10
542|12|"CHIESA Federico"|"FIORENTINA"|1|2|1|7.5|0|1|6.5|0|0|0|0|1|0|0|0|0|0|0|0|0|0|0|0|24
543|12|"CIGARINI Luca"|"CAGLIARI"|1|2|0|0.0|0|0|0.0|0|0|0|0|0|0|0|0|0|0|0|0|0|0|0|0|9
544|12|"COLOMBATTO Santiago"|"CAGLIARI"|0|2|0|0.0|0|0|0.0|0|0|0|0|0|0|0|0|0|0|0|0|0|0|0|0|3
545|12|"CORIC Ante"|"ROMA"|1|2|0|0.0|0|0|0.0|0|0|0|0|0|0|0|0|0|0|0|0|0|0|0|0|7
546|12|"COULIBALY Mamadou"|"UDINESE"|1|2|0|0.0|0|0|0.0|0|0|0|0|0|0|0|0|0|0|0|0|0|0|0|0|3
547|12|"CRISETIG Lorenzo"|"FROSINONE"|1|2|0|0.0|0|0|0.0|0|0|0|0|0|0|0|0|0|0|0|0|0|0|0|0|4
548|12|"CRISTANTE Bryan"|"ROMA"|1|2|1|7.5|0|1|6.5|0|0|0|0|1|0|0|0|0|0|0|0|0|0|0|0|20
549|12|"CRISTOFORO Sebastian"|"FIORENTINA"|0|2|0|0.0|0|0|0.0|0|0|0|0|0|0|0|0|0|0|0|0|0|0|0|0|3
550|12|"CUADRADO Juan"|"JUVENTUS"|1|2|0|0.0|0|0|0.0|0|0|0|0|0|0|0|0|0|0|0|0|0|0|0|0|20
551|12|"D'ALESSANDRO Marco"|"UDINESE"|1|2|0|0.0|0|0|0.0|0|0|0|0|0|0|0|0|0|0|0|0|0|0|0|0|6
552|12|"DABO Bryan"|"FIORENTINA"|1|2|0|0.0|0|0|0.0|0|0|0|0|0|0|0|0|0|0|0|0|0|0|0|0|8
553|12|"DE PAUL Rodrigo"|"UDINESE"|1|2|1|2.5|0|1|5.5|0|0|0|0|0|0|0|0|0|0|1|0|0|0|0|0|22
554|12|"DE ROON Marten"|"ATALANTA"|1|2|1|6.5|0|1|7.0|0|0|0|0|0|1|0|0|0|0|0|0|0|0|0|0|15
555|12|"DE ROSSI Daniele"|"ROMA"|1|2|0|0.0|0|0|0.0|0|0|0|0|0|0|0|0|0|0|0|0|0|0|0|0|12
556|12|"DEIOLA Alessandro"|"PARMA"|1|2|0|0.0|0|0|0.0|0|0|0|0|0|1|0|0|0|0|0|0|0|0|0|0|5
557|12|"DEPAOLI Fabio"|"CHIEVO"|1|2|1|6.5|0|1|6.5|0|0|0|0|0|0|0|0|0|0|0|0|0|0|0|0|7
558|12|"DESSENA Daniele"|"CAGLIARI"|1|2|0|0.0|0|0|0.0|0|0|0|0|0|0|0|0|0|0|0|0|0|0|0|0|4
559|12|"DEZI Jacopo"|"PARMA"|1|2|0|0.0|0|0|0.0|0|0|0|0|0|0|0|0|0|0|0|0|0|0|0|0|5
560|12|"DI GENNARO Davide"|"LAZIO"|0|2|0|0.0|0|0|0.0|0|0|0|0|0|0|0|0|0|0|0|0|0|0|0|0|3
561|12|"DIAWARA Amadou"|"NAPOLI"|1|2|0|0.0|0|0|0.0|0|0|0|0|0|0|0|0|0|0|0|0|0|0|0|0|9
562|12|"DJURICIC Filip"|"SASSUOLO"|1|2|1|6.0|0|1|6.0|0|0|0|0|0|0|0|0|0|0|0|0|0|0|0|0|11
563|12|"DONSAH Godfred"|"BOLOGNA"|1|2|0|0.0|0|0|0.0|0|0|0|0|0|0|0|0|0|0|0|0|0|0|0|0|5
564|12|"DOUGLAS COSTA de Souza"|"JUVENTUS"|1|2|0|0.0|0|0|0.0|0|0|0|0|0|0|0|0|0|0|0|0|0|0|0|0|22
565|12|"DUNCAN Alfred"|"SASSUOLO"|1|2|1|5.5|0|1|6.0|0|0|0|0|0|1|0|0|0|0|0|0|0|0|0|0|10
566|12|"DZEMAILI Blerim"|"BOLOGNA"|1|2|1|4.5|0|1|4.5|0|0|0|0|0|0|0|0|0|0|0|0|0|0|0|0|9
567|12|"EMMERS Xian"|"INTER"|0|2|0|0.0|0|0|0.0|0|0|0|0|0|0|0|0|0|0|0|0|0|0|0|0|1
568|12|"EVANGELISTA Lucas"|"UDINESE"|0|2|0|0.0|0|0|0.0|0|0|0|0|0|0|0|0|0|0|0|0|0|0|0|0|5
569|12|"EVERTON LUIZ Guimaraes Bilher"|"SPAL"|1|2|0|0.0|0|0|0.0|0|0|0|0|0|0|0|0|0|0|0|0|0|0|0|0|5
570|12|"EYSSERIC Valentin"|"FIORENTINA"|1|2|0|0.0|0|0|0.0|0|0|0|0|0|0|0|0|0|0|0|0|0|0|0|0|10
571|12|"FARES Mohamed"|"SPAL"|1|2|1|6.0|0|1|6.0|0|0|0|0|0|0|0|0|0|0|0|0|0|0|0|0|7
572|12|"FOFANA Seko"|"UDINESE"|1|2|1|5.5|0|1|6.0|0|0|0|0|0|1|0|0|0|0|0|0|0|0|0|0|13
573|12|"FRATTESI Davide"|"SASSUOLO"|0|2|0|0.0|0|0|0.0|0|0|0|0|0|0|0|0|0|0|0|0|0|0|0|0|1
574|12|"FREDIANI Marco"|"PARMA"|0|2|0|0.0|0|0|0.0|0|0|0|0|0|0|0|0|0|0|0|0|0|0|0|0|1
575|12|"FREULER Remo"|"ATALANTA"|1|2|1|7.5|0|1|7.5|0|0|0|0|0|0|0|0|0|0|0|0|0|0|0|0|17
576|12|"GAGLIARDINI Roberto"|"INTER"|1|2|1|4.0|0|1|4.5|0|0|0|0|0|1|0|0|0|0|0|0|0|0|0|0|14
577|12|"GARRITANO Luca"|"CHIEVO"|0|2|0|0.0|0|0|0.0|0|0|0|0|0|0|0|0|0|0|0|0|0|0|0|0|5
578|12|"GAUDINO Gianluca"|"CHIEVO"|0|2|0|0.0|0|0|0.0|0|0|0|0|0|0|0|0|0|0|0|0|0|0|0|0|4
579|12|"GERSON Santos Da Silva"|"FIORENTINA"|1|2|1|6.5|0|1|6.5|0|0|0|0|0|0|0|0|0|0|0|0|0|0|0|0|10
580|12|"GIACCHERINI Emanuele"|"CHIEVO"|1|2|0|0.0|0|0|0.0|0|0|0|0|0|0|0|0|0|0|0|0|0|0|0|0|16
581|12|"GIORNO Francesco"|"PARMA"|0|2|0|0.0|0|0|0.0|0|0|0|0|0|0|0|0|0|0|0|0|0|0|0|0|1
582|12|"GONALONS Maxime"|"ROMA"|0|2|0|0.0|0|0|0.0|0|0|0|0|0|0|0|0|0|0|0|0|0|0|0|0|6
583|12|"GORI Mirko"|"FROSINONE"|1|2|0|0.0|0|0|0.0|0|0|0|0|0|0|0|0|0|0|0|0|0|0|0|0|4
584|12|"GRASSI Alberto"|"PARMA"|1|2|1|6.0|0|1|6.0|0|0|0|0|0|0|0|0|0|0|0|0|0|0|0|0|8
585|12|"HAAS Nicolas"|"ATALANTA"|0|2|0|0.0|0|0|0.0|0|0|0|0|0|0|0|0|0|0|0|0|0|0|0|0|3
586|12|"HALILOVIC Alen"|"MILAN"|1|2|0|0.0|0|0|0.0|0|0|0|0|0|0|0|0|0|0|0|0|0|0|0|0|6
587|12|"HALLFREDSSON Emil"|"FROSINONE"|1|2|0|0.0|0|0|0.0|0|0|0|0|0|0|0|0|0|0|0|0|0|0|0|0|4
588|12|"HAMSIK Marek"|"NAPOLI"|1|2|1|6.0|0|1|6.0|0|0|0|0|0|0|0|0|0|0|0|0|0|0|0|0|19
589|12|"HETEMAJ Perparim"|"CHIEVO"|1|2|1|6.5|0|1|6.5|0|0|0|0|0|0|0|0|0|0|0|0|0|0|0|0|10
590|12|"HILJEMARK Oscar"|"GENOA"|1|2|1|6.0|0|1|6.0|0|0|0|0|0|0|0|0|0|0|0|0|0|0|0|0|9
591|12|"INGELSSON Svante"|"UDINESE"|1|2|0|0.0|0|0|0.0|0|0|0|0|0|0|0|0|0|0|0|0|0|0|0|0|3
592|12|"IONITA Artur"|"CAGLIARI"|1|2|1|10.0|0|1|6.5|1|0|0|0|0|1|0|0|0|0|0|0|0|0|0|0|11
593|12|"JANKTO Jakub"|"SAMPDORIA"|1|2|1|5.5|0|1|5.5|0|0|0|0|0|0|0|0|0|0|0|0|0|0|0|0|13
594|12|"JOAO PEDRO Geraldino Galvao"|"CAGLIARI"|1|2|1|6.0|0|1|6.0|0|0|0|0|0|0|0|0|0|0|0|0|0|0|0|0|20
595|12|"KATUMA Aron"|"SPAL"|1|2|0|0.0|0|0|0.0|0|0|0|0|0|0|0|0|0|0|0|0|0|0|0|0|1
596|12|"KESSIE Franck"|"MILAN"|1|2|1|6.0|0|1|6.0|0|0|0|0|0|0|0|0|0|0|0|0|0|0|0|0|18
597|12|"KHEDIRA Sami"|"JUVENTUS"|1|2|1|6.0|0|1|6.0|0|0|0|0|0|0|0|0|0|0|0|0|0|0|0|0|22
598|12|"KINGSLEY Michael"|"BOLOGNA"|0|2|0|0.0|0|0|0.0|0|0|0|0|0|0|0|0|0|0|0|0|0|0|0|0|1
599|12|"KIYINE Sofian"|"CHIEVO"|1|2|1|6.5|0|1|7.0|0|0|0|0|0|1|0|0|0|0|0|0|0|0|0|0|5
600|12|"KONÉ Moussa"|"FROSINONE"|0|2|0|0.0|0|0|0.0|0|0|0|0|0|0|0|0|0|0|0|0|0|0|0|0|4
601|12|"KREJCI Ladislav"|"BOLOGNA"|1|2|1|6.0|0|1|5.5|0|0|0|0|1|1|0|0|0|0|0|0|0|0|0|0|5
602|12|"KRUNIC Rade"|"EMPOLI"|1|2|1|7.0|0|1|6.5|0|0|0|0|1|1|0|0|0|0|0|0|0|0|0|0|14
603|12|"KULUSEVSKI Dejan"|"ATALANTA"|1|2|0|0.0|0|0|0.0|0|0|0|0|0|0|0|0|0|0|0|0|0|0|0|0|1
604|12|"KURTIC Jasmin"|"SPAL"|1|2|1|6.0|0|1|6.0|0|0|0|0|0|0|0|0|0|0|0|0|0|0|0|0|12
605|12|"LAXALT Diego"|"MILAN"|1|2|1|5.0|0|1|5.0|0|0|0|0|0|0|0|0|0|0|0|0|0|0|0|0|11
606|12|"LAZOVIC Darko"|"GENOA"|1|2|1|6.0|0|1|6.0|0|0|0|0|0|0|0|0|0|0|0|0|0|0|0|0|8
607|12|"LAZZARI Manuel"|"SPAL"|1|2|1|9.0|0|1|7.0|0|0|0|0|2|0|0|0|0|0|0|0|0|0|0|0|18
608|12|"LEIVA Lucas"|"LAZIO"|1|2|1|6.0|0|1|6.0|0|0|0|0|0|0|0|0|0|0|0|0|0|0|0|0|15
609|12|"LINETTY Karol"|"SAMPDORIA"|1|2|1|4.5|0|1|5.0|0|0|0|0|0|1|0|0|0|0|0|0|0|0|0|0|13
610|12|"LJAJIC Adem"|"TORINO"|0|2|0|0.0|0|0|0.0|0|0|0|0|0|0|0|0|0|0|0|0|0|0|0|0|22
611|12|"LOCATELLI Manuel"|"SASSUOLO"|1|2|1|6.0|0|1|6.5|0|0|0|0|0|1|0|0|0|0|0|0|0|0|0|0|6
612|12|"LOLLO Lorenzo"|"EMPOLI"|1|2|0|0.0|0|0|0.0|0|0|0|0|0|0|0|0|0|0|0|0|0|0|0|0|4
613|12|"LUKIC Sasa"|"TORINO"|1|2|0|0.0|0|0|0.0|0|0|0|0|0|0|0|0|0|0|0|0|0|0|0|0|5
614|12|"LULIC Senad"|"LAZIO"|1|2|1|5.5|0|1|5.5|0|0|0|0|0|0|0|0|0|0|0|0|0|0|0|0|14
615|12|"MAGNANELLI Francesco"|"SASSUOLO"|1|2|0|0.0|0|0|0.0|0|0|0|0|0|0|0|0|0|0|0|0|0|0|0|0|8
616|12|"MAIELLO Raffaele"|"FROSINONE"|1|2|1|5.5|0|1|6.0|0|0|0|0|0|1|0|0|0|0|0|0|0|0|0|0|4
617|12|"MANDRAGORA Rolando"|"UDINESE"|1|2|1|5.5|0|1|6.0|0|0|0|0|0|1|0|0|0|0|0|0|0|0|0|0|11
618|12|"MARCHISIO Claudio"|"JUVENTUS"|0|2|0|0.0|0|0|0.0|0|0|0|0|0|0|0|0|0|0|0|0|0|0|0|0|6
619|12|"MATUIDI Blaise"|"JUVENTUS"|1|2|1|6.5|0|1|6.5|0|0|0|0|0|0|0|0|0|0|0|0|0|0|0|0|19
620|12|"MAURI Josè"|"MILAN"|1|2|0|0.0|0|0|0.0|0|0|0|0|0|0|0|0|0|0|0|0|0|0|0|0|3
621|12|"MAZZITELLI Luca"|"GENOA"|1|2|0|0.0|0|0|0.0|0|0|0|0|0|1|0|0|0|0|0|0|0|0|0|0|6
622|12|"MEITE Soualiho"|"TORINO"|1|2|0|0.0|0|0|0.0|0|0|0|0|0|0|0|0|0|0|0|0|0|0|0|0|12
623|12|"MILINKOVIC Sergej"|"LAZIO"|1|2|1|5.5|0|1|5.5|0|0|0|0|0|0|0|0|0|0|0|0|0|0|0|0|23
624|12|"MINALA Joseph"|"LAZIO"|1|2|0|0.0|0|0|0.0|0|0|0|0|0|0|0|0|0|0|0|0|0|0|0|0|4
625|12|"MISSIROLI Simone"|"SPAL"|1|2|1|5.5|0|1|5.5|0|0|0|0|0|0|0|0|0|0|0|0|0|0|0|0|9
626|12|"MONTOLIVO Riccardo"|"MILAN"|1|2|0|0.0|0|0|0.0|0|0|0|0|0|0|0|0|0|0|0|0|0|0|0|0|4
627|12|"MURGIA Alessandro"|"LAZIO"|1|2|0|0.0|0|0|0.0|0|0|0|0|0|0|0|0|0|0|0|0|0|0|0|0|4
628|12|"NAGY Adam"|"BOLOGNA"|1|2|0|0.0|0|0|0.0|0|0|0|0|0|0|0|0|0|0|0|0|0|0|0|0|4
629|12|"NAINGGOLAN Radja"|"INTER"|1|2|0|0.0|0|0|0.0|0|0|0|0|0|0|0|0|0|0|0|0|0|0|0|0|24
630|12|"OBI Joel"|"CHIEVO"|1|2|1|10.5|0|1|6.5|1|0|0|0|0|0|0|0|0|0|0|0|0|0|0|0|11
631|12|"OMEONGA Stephane"|"GENOA"|1|2|1|5.0|0|1|5.5|0|0|0|0|0|1|0|0|0|0|0|0|0|0|0|0|4
632|12|"PADOIN Simone"|"CAGLIARI"|1|2|1|6.0|0|1|6.0|0|0|0|0|0|0|0|0|0|0|0|0|0|0|0|0|9
633|12|"PAGANINI Luca"|"FROSINONE"|1|2|0|0.0|0|0|0.0|0|0|0|0|0|0|0|0|0|0|0|0|0|0|0|0|4
634|12|"PARIGINI Vittorio"|"TORINO"|1|2|0|0.0|0|0|0.0|0|0|0|0|0|0|0|0|0|0|0|0|0|0|0|0|5
635|12|"PAROLO Marco"|"LAZIO"|1|2|1|10.5|0|1|6.5|1|0|0|0|0|0|0|0|0|0|0|0|0|0|0|0|20
636|12|"PASTORE Javier"|"ROMA"|1|2|0|0.0|0|0|0.0|0|0|0|0|0|0|0|0|0|0|0|0|0|0|0|0|24
637|12|"PELLEGRINI Lorenzo"|"ROMA"|1|2|1|7.0|0|1|7.0|0|0|0|0|0|0|0|0|0|0|0|0|0|0|0|0|18
638|12|"PERISIC Ivan"|"INTER"|1|2|1|4.5|0|1|4.5|0|0|0|0|0|0|0|0|0|0|0|0|0|0|0|0|23
639|12|"PEROTTI Diego"|"ROMA"|1|2|0|0.0|0|0|0.0|0|0|0|0|0|0|0|0|0|0|0|0|0|0|0|0|16
640|12|"PESSINA Matteo"|"ATALANTA"|1|2|0|0.0|0|0|0.0|0|0|0|0|0|0|0|0|0|0|0|0|0|0|0|0|4
641|12|"PJANIC Miralem"|"JUVENTUS"|1|2|1|6.0|0|1|6.0|0|0|0|0|0|0|0|0|0|0|0|0|0|0|0|0|22
642|12|"POLI Andrea"|"BOLOGNA"|1|2|1|5.5|0|1|5.5|0|0|0|0|0|0|0|0|0|0|0|0|0|0|0|0|8
643|12|"PONTISSO Simone"|"UDINESE"|1|2|0|0.0|0|0|0.0|0|0|0|0|0|0|0|0|0|0|0|0|0|0|0|0|1
644|12|"PRAET Dennis"|"SAMPDORIA"|1|2|1|5.5|0|1|5.5|0|0|0|0|0|0|0|0|0|0|0|0|0|0|0|0|12
645|12|"PULGAR Erick"|"BOLOGNA"|1|2|1|5.0|0|1|5.0|0|0|0|0|0|0|0|0|0|0|0|0|0|0|0|0|8
646|12|"RADOVANOVIC Ivan"|"CHIEVO"|1|2|1|6.5|0|1|6.5|0|0|0|0|0|0|0|0|0|0|0|0|0|0|0|0|8
647|12|"RAMIREZ Gastón"|"SAMPDORIA"|1|2|1|5.0|0|1|5.0|0|0|0|0|0|0|0|0|0|0|0|0|0|0|0|0|13
648|12|"RICCARDI Alessio"|"ROMA"|1|2|0|0.0|0|0|0.0|0|0|0|0|0|0|0|0|0|0|0|0|0|0|0|0|1
649|12|"RIGONI Luca"|"PARMA"|1|2|0|0.0|0|0|0.0|0|0|0|0|0|0|0|0|0|0|0|0|0|0|0|0|11
650|12|"RIGONI Nicola"|"CHIEVO"|1|2|0|0.0|0|0|0.0|0|0|0|0|0|0|0|0|0|0|0|0|0|0|0|0|5
651|12|"RINCON Tomas"|"TORINO"|1|2|1|5.0|0|1|5.5|0|0|0|0|0|1|0|0|0|0|0|0|0|0|0|0|11
652|12|"RIZZO Luca"|"BOLOGNA"|0|2|0|0.0|0|0|0.0|0|0|0|0|0|0|0|0|0|0|0|0|0|0|0|0|4
653|12|"ROG Marko"|"NAPOLI"|1|2|0|0.0|0|0|0.0|0|0|0|0|0|0|0|0|0|0|0|0|0|0|0|0|8
654|12|"ROMULO Orestes"|"GENOA"|1|2|1|7.5|0|1|6.5|0|0|0|0|1|0|0|0|0|0|0|0|0|0|0|0|15
655|12|"RUIZ Fabian"|"NAPOLI"|1|2|1|11.0|0|1|7.0|1|0|0|0|0|0|0|0|0|0|0|0|0|0|0|0|18
656|12|"SAMMARCO Paolo"|"FROSINONE"|1|2|0|0.0|0|0|0.0|0|0|0|0|0|0|0|0|0|0|0|0|0|0|0|0|4
657|12|"SANCHEZ Carlos"|"FIORENTINA"|0|2|0|0.0|0|0|0.0|0|0|0|0|0|0|0|0|0|0|0|0|0|0|0|0|5
658|12|"SANDRO Raniere"|"GENOA"|1|2|0|0.0|0|0|0.0|0|0|0|0|0|0|0|0|0|0|0|0|0|0|0|0|12
659|12|"SAPONARA Riccardo"|"SAMPDORIA"|1|2|0|0.0|0|0|0.0|0|0|0|0|0|0|0|0|0|0|0|0|0|0|0|0|14
660|12|"SCAVONE Manuel"|"PARMA"|0|2|0|0.0|0|0|0.0|0|0|0|0|0|0|0|0|0|0|0|0|0|0|0|0|6
661|12|"SCHETINO Andres"|"FIORENTINA"|0|2|0|0.0|0|0|0.0|0|0|0|0|0|0|0|0|0|0|0|0|0|0|0|0|2
662|12|"SCHIATTARELLA Pasquale"|"SPAL"|1|2|1|6.0|0|1|6.0|0|0|0|0|0|0|0|0|0|0|0|0|0|0|0|0|10
663|12|"SCOZZARELLA Matteo"|"PARMA"|1|2|1|6.5|0|1|6.5|0|0|0|0|0|0|0|0|0|0|0|0|0|0|0|0|4
664|12|"SENSI Stefano"|"SASSUOLO"|1|2|1|6.5|0|1|6.5|0|0|0|0|0|0|0|0|0|0|0|0|0|0|0|0|9
665|12|"SODDIMO Danilo"|"FROSINONE"|1|2|1|7.0|0|1|6.0|0|0|0|0|1|0|0|0|0|0|0|0|0|0|0|0|7
666|12|"STIJEPOVIC Ognjen"|"SAMPDORIA"|1|2|0|0.0|0|0|0.0|0|0|0|0|0|0|0|0|0|0|0|0|0|0|0|0|1
667|12|"STROOTMAN Kevin"|"ROMA"|0|2|0|0.0|0|0|0.0|0|0|0|0|0|0|0|0|0|0|0|0|0|0|0|0|13
668|12|"STULAC Leo"|"PARMA"|1|2|0|0.0|0|0|0.0|0|0|0|0|0|0|0|0|0|0|0|0|0|0|0|0|10
669|12|"STURARO Stefano"|"JUVENTUS"|0|2|0|0.0|0|0|0.0|0|0|0|0|0|0|0|0|0|0|0|0|0|0|0|0|4
670|12|"SVANBERG Mattias"|"BOLOGNA"|1|2|1|5.0|0|1|5.0|0|0|0|0|0|0|0|0|0|0|0|0|0|0|0|0|6
671|12|"TESSIORE Andrea"|"SAMPDORIA"|0|2|0|0.0|0|0|0.0|0|0|0|0|0|0|0|0|0|0|0|0|0|0|0|0|1
672|12|"TRAORÉ Hamed Junior"|"EMPOLI"|1|2|1|6.5|0|1|6.5|0|0|0|0|0|0|0|0|0|0|0|0|0|0|0|0|6
673|12|"VALDIFIORI Mirko"|"SPAL"|1|2|1|5.0|0|1|5.5|0|0|0|0|0|1|0|0|0|0|0|0|0|0|0|0|6
674|12|"VALENCIA Juan Manuel"|"BOLOGNA"|1|2|0|0.0|0|0|0.0|0|0|0|0|0|0|0|0|0|0|0|0|0|0|0|0|2
675|12|"VALOTI Mattia"|"SPAL"|1|2|0|0.0|0|0|0.0|0|0|0|0|0|0|0|0|0|0|0|0|0|0|0|0|8
676|12|"VALZANIA Luca"|"ATALANTA"|1|2|0|0.0|0|0|0.0|0|0|0|0|0|0|0|0|0|0|0|0|0|0|0|0|4
677|12|"VECINO Matias"|"INTER"|1|2|1|4.0|0|1|4.5|0|0|0|0|0|1|0|0|0|0|0|0|0|0|0|0|12
678|12|"VERETOUT Jordan"|"FIORENTINA"|1|2|1|6.5|0|1|6.5|0|0|0|0|0|0|0|0|0|0|0|0|0|0|0|0|24
679|12|"VERRE Valerio"|"SAMPDORIA"|0|2|0|0.0|0|0|0.0|0|0|0|0|0|0|0|0|0|0|0|0|0|0|0|0|4
680|12|"VIGNATO Emanuel"|"CHIEVO"|1|2|0|0.0|0|0|0.0|0|0|0|0|0|0|0|0|0|0|0|0|0|0|0|0|1
681|12|"VITALE Mattia"|"SPAL"|1|2|0|0.0|0|0|0.0|0|0|0|0|0|0|0|0|0|0|0|0|0|0|0|0|2
682|12|"VIVIANI Federico"|"SPAL"|1|2|0|0.0|0|0|0.0|0|0|0|0|0|0|0|0|0|0|0|0|0|0|0|0|7
683|12|"YOUNES Amin"|"NAPOLI"|1|2|0|0.0|0|0|0.0|0|0|0|0|0|0|0|0|0|0|0|0|0|0|0|0|7
684|12|"ZAJC Miha"|"EMPOLI"|1|2|1|11.0|0|1|7.0|1|0|0|0|0|0|0|0|0|0|0|0|0|0|0|0|17
685|12|"ZANIOLO Nicolò"|"ROMA"|1|2|0|0.0|0|0|0.0|0|0|0|0|0|0|0|0|0|0|0|0|0|0|0|0|1
686|12|"ZIELINSKI Piotr"|"NAPOLI"|1|2|1|5.5|0|1|5.5|0|0|0|0|0|0|0|0|0|0|0|0|0|0|0|0|19
687|12|"ÜNDER Cengiz"|"ROMA"|1|2|0|0.0|0|0|0.0|0|0|0|0|0|0|0|0|0|0|0|0|0|0|0|0|24
688|12|"PEETERS Daouda"|"SAMPDORIA"|1|2|0|0.0|0|0|0.0|0|0|0|0|0|0|0|0|0|0|0|0|0|0|0|0|1
689|12|"NORGAARD Christian"|"FIORENTINA"|1|2|0|0.0|0|0|0.0|0|0|0|0|0|0|0|0|0|0|0|0|0|0|0|0|5
690|12|"NETO Pedro"|"LAZIO"|1|2|0|0.0|0|0|0.0|0|0|0|0|0|0|0|0|0|0|0|0|0|0|0|0|1
691|12|"JORDAO Bruno"|"LAZIO"|1|2|0|0.0|0|0|0.0|0|0|0|0|0|0|0|0|0|0|0|0|0|0|0|0|1
692|12|"JOAO MARIO -"|"INTER"|1|2|0|0.0|0|0|0.0|0|0|0|0|0|0|0|0|0|0|0|0|0|0|0|0|13
693|12|"PASALIC Mario"|"ATALANTA"|1|2|1|6.5|0|1|6.5|0|0|0|0|0|0|0|0|0|0|0|0|0|0|0|0|14
694|12|"BRADARIC Filip"|"CAGLIARI"|1|2|1|5.0|0|1|5.0|0|0|0|0|0|0|0|0|0|0|0|0|0|0|0|0|8
695|12|"CORREA Carlos Joaquin"|"LAZIO"|1|2|1|5.5|0|1|5.5|0|0|0|0|0|0|0|0|0|0|0|0|0|0|0|0|16
696|12|"BADELJ Milan"|"LAZIO"|1|2|0|0.0|0|0|0.0|0|0|0|0|0|0|0|0|0|0|0|0|0|0|0|0|9
697|12|"VIEIRA Ronaldo"|"SAMPDORIA"|1|2|1|6.0|0|1|6.0|0|0|0|0|0|0|0|0|0|0|0|0|0|0|0|0|7
698|12|"NIKOLIC Lazar"|"SPAL"|1|2|0|0.0|0|0|0.0|0|0|0|0|0|0|0|0|0|0|0|0|0|0|0|0|1
699|12|"ROLON Esteban"|"GENOA"|1|2|0|0.0|0|0|0.0|0|0|0|0|0|0|0|0|0|0|0|0|0|0|0|0|4
700|12|"FURLAN Federico"|"SAMPDORIA"|0|2|0|0.0|0|0|0.0|0|0|0|0|0|0|0|0|0|0|0|0|0|0|0|0|5
701|12|"FERNANDES Edimilson"|"FIORENTINA"|1|2|1|6.0|0|1|6.0|0|0|0|0|0|0|0|0|0|0|0|0|0|0|0|0|7
702|12|"EKDAL Albin"|"SAMPDORIA"|1|2|0|0.0|0|0|0.0|0|0|0|0|0|0|0|0|0|0|0|0|0|0|0|0|10
703|12|"CARRIERO Giuseppe"|"PARMA"|1|2|0|0.0|0|0|0.0|0|0|0|0|0|0|0|0|0|0|0|0|0|0|0|0|1
704|12|"N'ZONZI Steven"|"ROMA"|1|2|1|6.5|0|1|6.5|0|0|0|0|0|0|0|0|0|0|0|0|0|0|0|0|14
705|12|"VLOET Rai"|"FROSINONE"|1|2|1|5.0|0|1|5.0|0|0|0|0|0|0|0|0|0|0|0|0|0|0|0|0|7
706|12|"BAKAYOKO Tiemoué"|"MILAN"|1|2|1|5.0|0|1|5.5|0|0|0|0|0|1|0|0|0|0|0|0|0|0|0|0|10
707|12|"CASTILLEJO Samu"|"MILAN"|1|2|1|5.0|0|1|5.0|0|0|0|0|0|0|0|0|0|0|0|0|0|0|0|0|16
708|12|"BURRUCHAGA Mauro"|"CHIEVO"|1|2|0|0.0|0|0|0.0|0|0|0|0|0|0|0|0|0|0|0|0|0|0|0|0|1
709|12|"ESPOSITO Salvatore"|"SPAL"|1|2|0|0.0|0|0|0.0|0|0|0|0|0|0|0|0|0|0|0|0|0|0|0|0|1
710|12|"RIGONI Emiliano"|"ATALANTA"|1|2|0|0.0|0|0|0.0|0|0|0|0|0|0|0|0|0|0|0|0|0|0|0|0|17
711|12|"COLPANI Andrea"|"ATALANTA"|1|2|0|0.0|0|0|0.0|0|0|0|0|0|0|0|0|0|0|0|0|0|0|0|0|1
712|12|"SORIANO Roberto"|"TORINO"|1|2|1|5.0|0|1|5.0|0|0|0|0|0|0|0|0|0|0|0|0|0|0|0|0|14
713|12|"UCAN Salih"|"EMPOLI"|1|2|0|0.0|0|0|0.0|0|0|0|0|0|0|0|0|0|0|0|0|0|0|0|0|7
714|12|"MUNARI Gianni"|"PARMA"|1|2|0|0.0|0|0|0.0|0|0|0|0|0|0|0|0|0|0|0|0|0|0|0|0|4
715|12|"MONTIEL Cristobal"|"FIORENTINA"|1|2|0|0.0|0|0|0.0|0|0|0|0|0|0|0|0|0|0|0|0|0|0|0|0|1
716|12|"ARAMU Mattia"|"TORINO"|0|2|0|0.0|0|0|0.0|0|0|0|0|0|0|0|0|0|0|0|0|0|0|0|0|3
717|12|"ERRICO Andrea"|"FROSINONE"|1|2|0|0.0|0|0|0.0|0|0|0|0|0|0|0|0|0|0|0|0|0|0|0|0|1
718|12|"VELOSO Miguel"|"GENOA"|1|2|1|5.5|0|1|5.5|0|0|0|0|0|0|0|0|0|0|0|0|0|0|0|0|7
800|12|"ANDRÉ SILVA Miguel Valente"|"MILAN"|0|3|0|0.0|0|0|0.0|0|0|0|0|0|0|0|0|0|0|0|0|0|0|0|0|15
801|12|"ANTENUCCI Mirco"|"SPAL"|1|3|1|10.0|0|1|7.0|1|0|0|0|0|0|0|0|0|0|0|0|0|0|0|0|19
802|12|"ASENCIO Raúl"|"GENOA"|0|3|0|0.0|0|0|0.0|0|0|0|0|0|0|0|0|0|0|0|0|0|0|0|0|7
803|12|"AVENATTI Felipe"|"BOLOGNA"|0|3|0|0.0|0|0|0.0|0|0|0|0|0|0|0|0|0|0|0|0|0|0|0|0|5
804|12|"BABACAR Khouma El"|"SASSUOLO"|1|3|0|0.0|0|0|0.0|0|0|0|0|0|0|0|0|0|0|0|0|0|0|0|0|18
805|12|"BACCA Carlos"|"MILAN"|0|3|0|0.0|0|0|0.0|0|0|0|0|0|0|0|0|0|0|0|0|0|0|0|0|16
806|12|"BAEZ Jaime"|"FIORENTINA"|0|3|0|0.0|0|0|0.0|0|0|0|0|0|0|0|0|0|0|0|0|0|0|0|0|3
807|12|"BARAYE Yves"|"PARMA"|1|3|0|0.0|0|0|0.0|0|0|0|0|0|0|0|0|0|0|0|0|0|0|0|0|4
808|12|"BARROW Musa"|"ATALANTA"|1|3|0|0.0|0|0|0.0|0|0|0|0|0|0|0|0|0|0|0|0|0|0|0|0|11
809|12|"BELOTTI Andrea"|"TORINO"|1|3|1|5.5|0|1|5.5|0|0|0|0|0|0|0|0|0|0|0|0|0|0|0|0|28
810|12|"BERARDI Domenico"|"SASSUOLO"|1|3|1|5.5|0|1|5.5|0|0|0|0|0|0|0|0|0|0|0|0|0|0|0|0|18
811|12|"BUTIC Karlo"|"TORINO"|0|3|0|0.0|0|0|0.0|0|0|0|0|0|0|0|0|0|0|0|0|0|0|0|0|3
812|12|"CAICEDO Felipe"|"LAZIO"|1|3|0|0.0|0|0|0.0|0|0|0|0|0|0|0|0|0|0|0|0|0|0|0|0|12
813|12|"CALAIÒ Emanuele"|"PARMA"|1|3|0|0.0|0|0|0.0|0|0|0|0|0|0|0|0|0|0|0|0|0|0|0|0|6
814|12|"CALLEJON Jose Maria"|"NAPOLI"|1|3|1|6.0|0|1|6.0|0|0|0|0|0|0|0|0|0|0|0|0|0|0|0|0|25
815|12|"CAPRARI Gianluca"|"SAMPDORIA"|1|3|1|5.0|0|1|5.0|0|0|0|0|0|0|0|0|0|0|0|0|0|0|0|0|11
816|12|"CAPUTO Francesco"|"EMPOLI"|1|3|1|10.5|0|1|6.5|1|0|0|0|1|0|0|0|0|0|0|0|0|0|0|0|24
817|12|"CERAVOLO Fabio"|"PARMA"|1|3|1|6.0|0|1|6.0|0|0|0|0|0|0|0|0|0|0|0|0|0|0|0|0|12
818|12|"CERRI Alberto"|"CAGLIARI"|1|3|0|0.0|0|0|0.0|0|0|0|0|0|0|0|0|0|0|0|0|0|0|0|0|10
819|12|"CIANO Camillo"|"FROSINONE"|1|3|0|0.0|0|0|0.0|0|0|0|0|0|0|0|0|0|0|0|0|0|0|0|0|17
820|12|"CICIRETTI Amato"|"PARMA"|1|3|0|0.0|0|0|0.0|0|0|0|0|0|0|0|0|0|0|0|0|0|0|0|0|8
821|12|"CIOFANI Daniel"|"FROSINONE"|1|3|1|6.0|0|1|6.0|0|0|0|0|0|0|0|0|0|0|0|0|0|0|0|0|14
822|12|"CITRO Nicola"|"FROSINONE"|0|3|0|0.0|0|0|0.0|0|0|0|0|0|0|0|0|0|0|0|0|0|0|0|0|7
823|12|"COLIDIO Facundo"|"INTER"|1|3|0|0.0|0|0|0.0|0|0|0|0|0|0|0|0|0|0|0|0|0|0|0|0|1
824|12|"CORNELIUS Andreas"|"ATALANTA"|0|3|0|0.0|0|0|0.0|0|0|0|0|0|0|0|0|0|0|0|0|0|0|0|0|8
825|12|"CUTRONE Patrick"|"MILAN"|1|3|1|6.0|0|1|6.0|0|0|0|0|0|0|0|0|0|0|0|0|0|0|0|0|25
826|12|"DA CRUZ Alessio"|"PARMA"|1|3|0|0.0|0|0|0.0|0|0|0|0|0|0|0|0|0|0|0|0|0|0|0|0|5
827|12|"DAMASCAN Vitalie"|"TORINO"|1|3|0|0.0|0|0|0.0|0|0|0|0|0|0|0|0|0|0|0|0|0|0|0|0|4
828|12|"DEFREL Gregoire"|"SAMPDORIA"|1|3|1|9.0|0|1|6.0|1|0|0|0|0|0|0|0|0|0|0|0|0|0|0|0|20
829|12|"DESTRO Mattia"|"BOLOGNA"|1|3|0|0.0|0|0|0.0|0|0|0|0|0|0|0|0|0|0|0|0|0|0|0|0|11
830|12|"DI FRANCESCO Federico"|"SASSUOLO"|1|3|0|0.0|0|0|0.0|0|0|0|0|0|0|0|0|0|0|0|0|0|0|0|0|15
831|12|"DI GAUDIO Antonio"|"PARMA"|1|3|0|0.0|0|0|0.0|0|0|0|0|0|0|0|0|0|0|0|0|0|0|0|0|10
832|12|"DIONISI Federico"|"FROSINONE"|1|3|0|0.0|0|0|0.0|0|0|0|0|0|0|0|0|0|0|0|0|0|0|0|0|8
833|12|"DJORDJEVIC Filip"|"CHIEVO"|1|3|0|0.0|0|0|0.0|0|0|0|0|0|0|0|0|0|0|0|0|0|0|0|0|11
834|12|"DYBALA Paulo"|"JUVENTUS"|1|3|1|6.0|0|1|6.0|0|0|0|0|0|0|0|0|0|0|0|0|0|0|0|0|33
835|12|"DZEKO Edin"|"ROMA"|1|3|1|6.0|0|1|6.0|0|0|0|0|0|0|0|0|0|0|0|0|0|0|0|0|27
836|12|"EDERA Simone"|"TORINO"|1|3|0|0.0|0|0|0.0|0|0|0|0|0|0|0|0|0|0|0|0|0|0|0|0|6
837|12|"EL SHAARAWY Stephan"|"ROMA"|1|3|1|14.0|0|1|8.0|2|0|0|0|0|0|0|0|0|0|0|0|0|0|0|0|26
838|12|"EWANDRO Felipe De Lima Costa"|"UDINESE"|0|3|0|0.0|0|0|0.0|0|0|0|0|0|0|0|0|0|0|0|0|0|0|0|0|4
839|12|"FALCINELLI Diego"|"BOLOGNA"|1|3|0|0.0|0|0|0.0|0|0|0|0|0|0|0|0|0|0|0|0|0|0|0|0|11
840|12|"FALLETTI Cesar"|"BOLOGNA"|0|3|0|0.0|0|0|0.0|0|0|0|0|0|0|0|0|0|0|0|0|0|0|0|0|8
841|12|"FANTACCI Tommaso"|"EMPOLI"|0|3|0|0.0|0|0|0.0|0|0|0|0|0|0|0|0|0|0|0|0|0|0|0|0|1
842|12|"FARIAS Diego"|"CAGLIARI"|1|3|0|0.0|0|0|0.0|0|0|0|0|0|0|0|0|0|0|0|0|0|0|0|0|11
843|12|"FAVILLI Andrea"|"GENOA"|1|3|0|0.0|0|0|0.0|0|0|0|0|0|0|0|0|0|0|0|0|0|0|0|0|6
844|12|"FINOTTO Mattia"|"SPAL"|0|3|0|0.0|0|0|0.0|0|0|0|0|0|0|0|0|0|0|0|0|0|0|0|0|5
845|12|"FLOCCARI Sergio"|"SPAL"|1|3|0|0.0|0|0|0.0|0|0|0|0|0|0|0|0|0|0|0|0|0|0|0|0|6
846|12|"GALABINOV Andrej"|"GENOA"|0|3|0|0.0|0|0|0.0|0|0|0|0|0|0|0|0|0|0|0|0|0|0|0|0|8
847|12|"GALUPPINI Francesco"|"PARMA"|0|3|0|0.0|0|0|0.0|0|0|0|0|0|0|0|0|0|0|0|0|0|0|0|0|1
848|12|"GIANNETTI Niccolò"|"CAGLIARI"|0|3|0|0.0|0|0|0.0|0|0|0|0|0|0|0|0|0|0|0|0|0|0|0|0|5
849|12|"GOMEZ Alejandro"|"ATALANTA"|1|3|1|9.5|0|1|7.0|1|0|0|0|0|1|0|0|0|0|0|0|0|0|0|0|27
850|12|"GRAICIAR Martin"|"FIORENTINA"|1|3|0|0.0|0|0|0.0|0|0|0|0|0|0|0|0|0|0|0|0|0|0|0|0|4
851|12|"HAN Kwang Song"|"CAGLIARI"|0|3|0|0.0|0|0|0.0|0|0|0|0|0|0|0|0|0|0|0|0|0|0|0|0|11
852|12|"HIGUAIN Gonzalo"|"MILAN"|1|3|1|0.5|0|1|4.5|0|0|0|0|0|0|1|0|0|0|1|0|0|0|0|0|32
853|12|"IAGO Falque"|"TORINO"|1|3|1|5.0|0|1|5.0|0|0|0|0|0|0|0|0|0|0|0|0|0|0|0|0|29
854|12|"ICARDI Mauro"|"INTER"|1|3|1|8.0|0|1|5.0|1|0|0|0|0|0|0|0|0|0|0|0|0|0|0|0|43
855|12|"ILICIC Josip"|"ATALANTA"|1|3|1|9.0|0|1|7.0|0|0|0|0|2|0|0|0|0|0|0|0|0|0|0|0|28
856|12|"IMMOBILE Ciro"|"LAZIO"|1|3|1|6.0|0|1|6.0|0|0|0|0|0|0|0|0|0|0|0|0|0|0|0|0|41
857|12|"INGLESE Roberto"|"PARMA"|1|3|1|9.5|0|1|6.5|1|0|0|0|0|0|0|0|0|0|0|0|0|0|0|0|20
858|12|"INSIGNE Roberto"|"NAPOLI"|0|3|0|0.0|0|0|0.0|0|0|0|0|0|0|0|0|0|0|0|0|0|0|0|0|5
859|12|"INSIGNE Lorenzo"|"NAPOLI"|1|3|1|5.5|0|1|6.0|0|0|0|0|0|1|0|0|0|0|0|0|0|0|0|0|36
860|12|"JAKUPOVIC Arnel"|"EMPOLI"|1|3|0|0.0|0|0|0.0|0|0|0|0|0|0|0|0|0|0|0|0|0|0|0|0|2
861|12|"KALINIC Nikola"|"MILAN"|0|3|0|0.0|0|0|0.0|0|0|0|0|0|0|0|0|0|0|0|0|0|0|0|0|13
862|12|"KARAMOH Yann"|"INTER"|0|3|0|0.0|0|0|0.0|0|0|0|0|0|0|0|0|0|0|0|0|0|0|0|0|12
863|12|"KLUIVERT Justin"|"ROMA"|1|3|1|7.0|0|1|7.0|0|0|0|0|0|0|0|0|0|0|0|0|0|0|0|0|18
864|12|"KOUAMÉ Christian"|"GENOA"|1|3|1|9.5|0|1|6.5|1|0|0|0|0|0|0|0|0|0|0|0|0|0|0|0|19
865|12|"KOWNACKI Dawid"|"SAMPDORIA"|1|3|0|0.0|0|0|0.0|0|0|0|0|0|0|0|0|0|0|0|0|0|0|0|0|12
866|12|"LA GUMINA Antonino"|"EMPOLI"|1|3|1|5.5|0|1|5.5|0|0|0|0|0|0|0|0|0|0|0|0|0|0|0|0|10
867|12|"LAPADULA Gianluca"|"GENOA"|1|3|0|0.0|0|0|0.0|0|0|0|0|0|0|0|0|0|0|0|0|0|0|0|0|11
868|12|"LASAGNA Kevin"|"UDINESE"|1|3|1|5.5|0|1|5.5|0|0|0|0|0|0|0|0|0|0|0|0|0|0|0|0|20
869|12|"LERIS Mehdi"|"CHIEVO"|1|3|1|6.0|0|1|6.0|0|0|0|0|0|0|0|0|0|0|0|0|0|0|0|0|4
870|12|"LOMBARDI Cristiano"|"LAZIO"|1|3|0|0.0|0|0|0.0|0|0|0|0|0|0|0|0|0|0|0|0|0|0|0|0|3
871|12|"LUIS ALBERTO Romero Alconchel"|"LAZIO"|1|3|1|5.5|0|1|6.0|0|0|0|0|0|1|0|0|0|0|0|0|0|0|0|0|24
872|12|"MACHIS Darwin"|"UDINESE"|1|3|1|7.0|0|1|6.0|0|0|0|0|1|0|0|0|0|0|0|0|0|0|0|0|8
873|12|"MALLÉ Aly"|"UDINESE"|1|3|0|0.0|0|0|0.0|0|0|0|0|0|0|0|0|0|0|0|0|0|0|0|0|2
874|12|"MANDZUKIC Mario"|"JUVENTUS"|1|3|1|10.0|0|1|7.0|1|0|0|0|0|0|0|0|0|0|0|0|0|0|0|0|25
875|12|"MARTINEZ Lautaro"|"INTER"|1|3|0|0.0|0|0|0.0|0|0|0|0|0|0|0|0|0|0|0|0|0|0|0|0|23
876|12|"MATARESE Luca"|"FROSINONE"|1|3|0|0.0|0|0|0.0|0|0|0|0|0|0|0|0|0|0|0|0|0|0|0|0|2
877|12|"MATRI Alessandro"|"SASSUOLO"|1|3|0|0.0|0|0|0.0|0|0|0|0|0|0|0|0|0|0|0|0|0|0|0|0|10
878|12|"MCHEDLIDZE Levan"|"EMPOLI"|1|3|0|0.0|0|0|0.0|0|0|0|0|0|0|0|0|0|0|0|0|0|0|0|0|5
879|12|"MEDEIROS Iuri"|"GENOA"|1|3|0|0.0|0|0|0.0|0|0|0|0|0|0|0|0|0|0|0|0|0|0|0|0|11
880|12|"MEGGIORINI Riccardo"|"CHIEVO"|1|3|1|9.5|0|1|7.0|1|0|0|0|0|1|0|0|0|0|0|0|0|0|0|0|8
881|12|"MERTENS Dries"|"NAPOLI"|1|3|1|8.0|0|1|7.0|0|0|0|0|1|0|0|0|0|0|0|0|0|0|0|0|41
882|12|"MICIN Petar"|"UDINESE"|1|3|0|0.0|0|0|0.0|0|0|0|0|0|0|0|0|0|0|0|0|0|0|0|0|4
883|12|"MILIK Arkadiusz"|"NAPOLI"|1|3|1|5.0|0|1|5.0|0|0|0|0|0|0|0|0|0|0|0|0|0|0|0|0|27
884|12|"MRAZ Samuel"|"EMPOLI"|1|3|0|0.0|0|0|0.0|0|0|0|0|0|0|0|0|0|0|0|0|0|0|0|0|9
885|12|"MURANO Jacopo"|"SPAL"|0|3|0|0.0|0|0|0.0|0|0|0|0|0|0|0|0|0|0|0|0|0|0|0|0|2
886|12|"NIANG M'Baye"|"TORINO"|0|3|0|0.0|0|0|0.0|0|0|0|0|0|0|0|0|0|0|0|0|0|0|0|0|13
887|12|"ODGAARD Jens"|"SASSUOLO"|1|3|0|0.0|0|0|0.0|0|0|0|0|0|0|0|0|0|0|0|0|0|0|0|0|1
888|12|"OKWONKWO Orji"|"BOLOGNA"|1|3|0|0.0|0|0|0.0|0|0|0|0|0|0|0|0|0|0|0|0|0|0|0|0|8
889|12|"ORSOLINI Riccardo"|"BOLOGNA"|1|3|1|10.0|0|1|7.0|1|0|0|0|0|0|0|0|0|0|0|0|0|0|0|0|15
890|12|"OUNAS Adam"|"NAPOLI"|1|3|0|0.0|0|0|0.0|0|0|0|0|0|0|0|0|0|0|0|0|0|0|0|0|9
891|12|"PALACIO Rodrigo"|"BOLOGNA"|1|3|1|5.5|0|1|5.5|0|0|0|0|0|0|0|0|0|0|0|0|0|0|0|0|14
892|12|"PALOSCHI Alberto"|"SPAL"|1|3|0|0.0|0|0|0.0|0|0|0|0|0|0|0|0|0|0|0|0|0|0|0|0|15
893|12|"PANDEV Goran"|"GENOA"|1|3|0|0.0|0|0|0.0|0|0|0|0|0|0|0|0|0|0|0|0|0|0|0|0|16
894|12|"PAVOLETTI Leonardo"|"CAGLIARI"|1|3|1|9.5|0|1|6.5|1|0|0|0|0|0|0|0|0|0|0|0|0|0|0|0|27
895|12|"PELLISSIER Sergio"|"CHIEVO"|1|3|0|0.0|0|0|0.0|0|0|0|0|0|0|0|0|0|0|0|0|0|0|0|0|8
896|12|"PERICA Stipe"|"FROSINONE"|1|3|0|0.0|0|0|0.0|0|0|0|0|0|0|0|0|0|0|0|0|0|0|0|0|7
897|12|"PETAGNA Andrea"|"SPAL"|1|3|1|9.5|0|1|6.5|1|0|0|0|0|0|0|0|0|0|0|0|0|0|0|0|16
898|12|"PETKOVIC Bruno"|"BOLOGNA"|0|3|0|0.0|0|0|0.0|0|0|0|0|0|0|0|0|0|0|0|0|0|0|0|0|7
899|12|"PIATEK Krzysztof"|"GENOA"|1|3|1|5.5|0|1|5.5|0|0|0|0|0|0|0|0|0|0|0|0|0|0|0|0|24
900|12|"PJACA Marko"|"FIORENTINA"|1|3|1|6.0|0|1|6.0|0|0|0|0|0|0|0|0|0|0|0|0|0|0|0|0|13
901|12|"POLITANO Matteo"|"INTER"|1|3|1|5.0|0|1|5.0|0|0|0|0|0|0|0|0|0|0|0|0|0|0|0|0|22
902|12|"PUCCIARELLI Manuel"|"CHIEVO"|1|3|0|0.0|0|0|0.0|0|0|0|0|0|0|0|0|0|0|0|0|0|0|0|0|6
903|12|"PUSSETTO Ignacio"|"UDINESE"|1|3|1|9.0|0|1|6.0|1|0|0|0|0|0|0|0|0|0|0|0|0|0|0|0|15
904|12|"QUAGLIARELLA Fabio"|"SAMPDORIA"|1|3|0|0.0|0|0|0.0|0|0|0|0|0|0|0|0|0|0|0|0|0|0|0|0|29
905|12|"RODRIGUEZ Alejandro"|"EMPOLI"|1|3|0|0.0|0|0|0.0|0|0|0|0|0|0|0|0|0|0|0|0|0|0|0|0|4
906|12|"RONALDO Cristiano"|"JUVENTUS"|1|3|1|9.5|0|1|6.5|1|0|0|0|0|0|0|0|0|0|0|0|0|0|0|0|59
907|12|"SALCEDO Eddie Mora"|"INTER"|1|3|0|0.0|0|0|0.0|0|0|0|0|0|0|0|0|0|0|0|0|0|0|0|0|1
908|12|"SANTANDER Federico"|"BOLOGNA"|1|3|1|9.5|0|1|6.5|1|0|0|0|0|0|0|0|0|0|0|0|0|0|0|0|20
909|12|"SAU Marco"|"CAGLIARI"|1|3|1|5.5|0|1|6.0|0|0|0|0|0|1|0|0|0|0|0|0|0|0|0|0|10
910|12|"SCAMACCA Gianluca"|"SASSUOLO"|0|3|0|0.0|0|0|0.0|0|0|0|0|0|0|0|0|0|0|0|0|0|0|0|0|3
911|12|"SCHICK Patrik"|"ROMA"|1|3|1|9.5|0|1|6.5|1|0|0|0|0|0|0|0|0|0|0|0|0|0|0|0|17
912|12|"SILIGARDI Luca"|"PARMA"|1|3|0|0.0|0|0|0.0|0|0|0|0|0|0|0|0|0|0|0|0|0|0|0|0|8
913|12|"SIMEONE Giovanni"|"FIORENTINA"|1|3|1|5.5|0|1|5.5|0|0|0|0|0|0|0|0|0|0|0|0|0|0|0|0|21
914|12|"SOTTIL Riccardo"|"FIORENTINA"|1|3|0|0.0|0|0|0.0|0|0|0|0|0|0|0|0|0|0|0|0|0|0|0|0|1
915|12|"SPINELLI Claudio"|"GENOA"|0|3|0|0.0|0|0|0.0|0|0|0|0|0|0|0|0|0|0|0|0|0|0|0|0|10
916|12|"SPROCATI Mattia"|"PARMA"|1|3|0|0.0|0|0|0.0|0|0|0|0|0|0|0|0|0|0|0|0|0|0|0|0|4
917|12|"STEPINSKI Mariusz"|"CHIEVO"|1|3|1|6.0|0|1|6.0|0|0|0|0|0|0|0|0|0|0|0|0|0|0|0|0|13
918|12|"SUSO Jesus Fernandez Saez"|"MILAN"|1|3|1|5.5|0|1|5.5|0|0|0|0|0|0|0|0|0|0|0|0|0|0|0|0|29
919|12|"THEREAU Cyril"|"FIORENTINA"|1|3|0|0.0|0|0|0.0|0|0|0|0|0|0|0|0|0|0|0|0|0|0|0|0|11
920|12|"TROTTA Marcello"|"SASSUOLO"|1|3|0|0.0|0|0|0.0|0|0|0|0|0|0|0|0|0|0|0|0|0|0|0|0|8
921|12|"TUMMINELLO Marco"|"ATALANTA"|1|3|0|0.0|0|0|0.0|0|0|0|0|0|0|0|0|0|0|0|0|0|0|0|0|4
922|12|"VERDE Daniele"|"ROMA"|0|3|0|0.0|0|0|0.0|0|0|0|0|0|0|0|0|0|0|0|0|0|0|0|0|8
923|12|"VERDI Simone"|"NAPOLI"|1|3|0|0.0|0|0|0.0|0|0|0|0|0|0|0|0|0|0|0|0|0|0|0|0|19
924|12|"VINICIUS Morais"|"NAPOLI"|0|3|0|0.0|0|0|0.0|0|0|0|0|0|0|0|0|0|0|0|0|0|0|0|0|3
925|12|"VIZEU Felipe"|"UDINESE"|1|3|0|0.0|0|0|0.0|0|0|0|0|0|0|0|0|0|0|0|0|0|0|0|0|9
926|12|"VLAHOVIC Dusan"|"FIORENTINA"|1|3|0|0.0|0|0|0.0|0|0|0|0|0|0|0|0|0|0|0|0|0|0|0|0|2
927|12|"ZANIMACCHIA Luca"|"GENOA"|0|3|0|0.0|0|0|0.0|0|0|0|0|0|0|0|0|0|0|0|0|0|0|0|0|1
928|12|"ZAPATA Duvan"|"ATALANTA"|1|3|1|7.0|0|1|7.0|0|0|0|0|0|0|0|0|0|0|0|0|0|0|0|0|20
929|12|"ZEKHNINI Rafik"|"FIORENTINA"|0|3|0|0.0|0|0|0.0|0|0|0|0|0|0|0|0|0|0|0|0|0|0|0|0|2
930|12|"BOGA Jeremie"|"SASSUOLO"|1|3|0|0.0|0|0|0.0|0|0|0|0|0|0|0|0|0|0|0|0|0|0|0|0|11
931|12|"ROSSI Alessandro"|"LAZIO"|1|3|0|0.0|0|0|0.0|0|0|0|0|0|0|0|0|0|0|0|0|0|0|0|0|4
932|12|"MONCINI Gabriele"|"SPAL"|1|3|0|0.0|0|0|0.0|0|0|0|0|0|0|0|0|0|0|0|0|0|0|0|0|6
933|12|"KEAN Moise"|"JUVENTUS"|1|3|0|0.0|0|0|0.0|0|0|0|0|0|0|0|0|0|0|0|0|0|0|0|0|6
934|12|"PINAMONTI Andrea"|"FROSINONE"|1|3|1|10.5|0|1|7.5|1|0|0|0|0|0|0|0|0|0|0|0|0|0|0|0|8
935|12|"BRIGNOLA Enrico"|"SASSUOLO"|1|3|0|0.0|0|0|0.0|0|0|0|0|0|0|0|0|0|0|0|0|0|0|0|0|9
936|12|"GALANO Cristian"|"PARMA"|0|3|0|0.0|0|0|0.0|0|0|0|0|0|0|0|0|0|0|0|0|0|0|0|0|12
937|12|"BIABIANY Jonathan"|"PARMA"|1|2|1|6.5|0|1|6.5|0|0|0|0|0|0|0|0|0|0|0|0|0|0|0|0|9
938|12|"DALMONTE Nicola"|"GENOA"|1|3|0|0.0|0|0|0.0|0|0|0|0|0|0|0|0|0|0|0|0|0|0|0|0|5
939|12|"MIRALLAS Kevin"|"FIORENTINA"|1|3|1|5.5|0|1|5.5|0|0|0|0|0|0|0|0|0|0|0|0|0|0|0|0|13
940|12|"KEITA Balde Diao"|"INTER"|1|3|1|4.5|0|1|4.5|0|0|0|0|0|0|0|0|0|0|0|0|0|0|0|0|17
941|12|"CAMPBELL Joel"|"FROSINONE"|1|3|1|5.0|0|1|5.0|0|0|0|0|0|0|0|0|0|0|0|0|0|0|0|0|10
942|12|"GERVINHO "|"PARMA"|1|3|1|10.5|0|1|7.5|1|0|0|0|0|0|0|0|0|0|0|0|0|0|0|0|22
943|12|"ZAZA Simone"|"TORINO"|1|3|1|4.5|0|1|4.5|0|0|0|0|0|0|0|0|0|0|0|0|0|0|0|0|17
944|12|"TEODORCZYK Lukasz"|"UDINESE"|1|3|0|0.0|0|0|0.0|0|0|0|0|0|0|0|0|0|0|0|0|0|0|0|0|14
945|12|"ARDAIZ Joaquin"|"FROSINONE"|1|3|0|0.0|0|0|0.0|0|0|0|0|0|0|0|0|0|0|0|0|0|0|0|0|5
946|12|"GRUBAC Sergej"|"CHIEVO"|1|3|0|0.0|0|0|0.0|0|0|0|0|0|0|0|0|0|0|0|0|0|0|0|0|1
947|12|"JUWARA Musa"|"CHIEVO"|1|3|0|0.0|0|0|0.0|0|0|0|0|0|0|0|0|0|0|0|0|0|0|0|0|1
948|12|"MASTAJ Davide"|"PARMA"|0|3|0|0.0|0|0|0.0|0|0|0|0|0|0|0|0|0|0|0|0|0|0|0|0|1
